record type,booking id,service type,division name,run id,run pieces,run name,block number,piece number,start place,end place,sign on time of piece,start time of piece,end time of piece,clear time of piece,special trip option id,op days
50,57,2,,1000,1,1000,,,,,,,,,,
51,57,2,,1000,,,111303,1,SN16,SN20016,197,197,831,831,,
50,57,2,,1001,1,1001,,,,,,,,,,
51,57,2,,1001,,,111502,1,SN16,SN677,205,205,711,711,,
50,57,2,,1002,1,1002,,,,,,,,,,
51,57,2,,1002,,,112001,1,SN16,SN6542,224,224,681,681,,
50,57,2,,1003,1,1003,,,,,,,,,,
51,57,2,,1003,,,111104,1,SN16,SN6775,228,228,765,765,,
50,57,2,SIMM FX,1004,1,1004,,,,,,,,,,
51,57,2,SIMM FX,1004,,,121801,1,SN16,SN3872,235,235,738,738,,
50,57,2,,1005,1,1005,,,,,,,,,,
51,57,2,,1005,,,111504,1,SN16,SN677,241,241,848,848,,
50,57,2,,1006,1,1006,,,,,,,,,,
51,57,2,,1006,,,111305,1,SN16,SN20016,252,252,634,634,,
50,57,2,,1007,1,1007,,,,,,,,,,
51,57,2,,1007,,,120305,1,SN16,SN5943,259,259,721,721,,
50,57,2,,1008,1,1008,,,,,,,,,,
51,57,2,,1008,,,120606,1,SN16,SN6479,262,262,887,887,,
50,57,2,,1009,1,1009,,,,,,,,,,
51,57,2,,1009,,,111011,1,SN16,SN655,261,261,738,738,,
50,57,2,,1010,1,1010,,,,,,,,,,
51,57,2,,1010,,,120607,1,SN16,SN3692,263,263,873,873,,
50,57,2,,1011,1,1011,,,,,,,,,,
51,57,2,,1011,,,120306,1,SN16,SN1571,269,269,738,738,,
50,57,2,,1012,1,1012,,,,,,,,,,
51,57,2,,1012,,,121004,1,SN16,SN1496,274,274,740,740,,
50,57,2,,1013,1,1013,,,,,,,,,,
51,57,2,,1013,,,121006,1,SN16,SN1496,284,284,865,865,,
50,57,2,,1014,1,1014,,,,,,,,,,
51,57,2,,1014,,,120308,1,SN16,SN1571,290,290,897,897,,
50,57,2,,1015,1,1015,,,,,,,,,,
51,57,2,,1015,,,111005,1,SN16,SN655,294,294,677,677,,
50,57,2,,1016,1,1016,,,,,,,,,,
51,57,2,,1016,,,120622,1,SN16,SN3692,311,311,933,933,,
50,57,2,,1017,1,1017,,,,,,,,,,
51,57,2,,1017,,,110505,1,SN16,SN20015,310,310,749,749,,
50,57,2,,1018,1,1018,,,,,,,,,,
51,57,2,,1018,,,112103,1,SN16,SN6542,312,312,711,711,,
50,57,2,,1019,1,1019,,,,,,,,,,
51,57,2,,1019,,,120612,1,SN16,SN516,352,352,779,779,,
50,57,2,,1020,1,1020,,,,,,,,,,
51,57,2,,1020,,,190402,1,SN16,SN20015,359,359,809,809,,
50,57,2,,1021,1,1021,,,,,,,,,,
51,57,2,,1021,,,111109,1,SN16,SN16,629,629,1155,1155,,
50,57,2,,1022,1,1022,,,,,,,,,,
51,57,2,,1022,,,111305,1,SN20016,SN16,634,651,1124,1124,,
50,57,2,,1023,1,1023,,,,,,,,,,
51,57,2,,1023,,,120621,1,SN16,SN3692,649,649,1186,1186,,
50,57,2,,1024,1,1024,,,,,,,,,,
51,57,2,,1024,,,120314,1,SN16,SN16,653,653,1179,1179,,
50,57,2,,1025,1,1025,,,,,,,,,,
51,57,2,,1025,,,120618,1,SN516,SN16,676,695,1139,1139,,
50,57,2,,1026,1,1026,,,,,,,,,,
51,57,2,,1026,,,111502,1,SN677,SN677,711,728,1104,1104,,
50,57,2,,1027,1,1027,,,,,,,,,,
51,57,2,,1027,,,111011,1,SN655,SN16,738,751,1183,1183,,
50,57,2,,1028,1,1028,,,,,,,,,,
51,57,2,,1028,,,121004,1,SN1496,SN16,740,759,1173,1173,,
50,57,2,,1029,1,1029,,,,,,,,,,
51,57,2,,1029,,,111505,1,SN677,SN16,749,764,1329,1329,,
50,57,2,,1030,1,1030,,,,,,,,,,
51,57,2,,1030,,,111008,1,SN655,SN655,757,770,1182,1182,,
50,57,2,,1031,1,1031,,,,,,,,,,
51,57,2,,1031,,,120803,1,SN6144,SN16,760,769,1175,1175,,
50,57,2,,1032,1,1032,,,,,,,,,,
51,57,2,,1032,,,111503,1,SN677,SN16,769,784,1177,1177,,
50,57,2,,1033,1,1033,,,,,,,,,,
51,57,2,,1033,,,120702,1,SN6549,SN16,772,782,1222,1222,,
50,57,2,,1034,1,1034,,,,,,,,,,
51,57,2,,1034,,,120903,1,SN5885,SN16,787,798,1243,1243,,
50,57,2,,1035,1,1035,,,,,,,,,,
51,57,2,,1035,,,110507,1,SN5474,SN16,821,831,1340,1340,,
50,57,2,,1036,1,1036,,,,,,,,,,
51,57,2,,1036,,,111303,1,SN20016,SN16,831,846,1448,1448,,
50,57,2,,1037,1,1037,,,,,,,,,,
51,57,2,,1037,,,111504,1,SN677,SN16,848,862,1412,1412,,
50,57,2,,1038,1,1038,,,,,,,,,,
51,57,2,,1038,,,121006,1,SN1496,SN16,865,878,1447,1447,,
50,57,2,,1039,1,1039,,,,,,,,,,
51,57,2,,1039,,,120308,1,SN1571,SN16,897,917,1518,1518,,
50,57,2,SIMM FX,1040,1,1040,,,,,,,,,,
51,57,2,SIMM FX,1040,,,121803,1,SN5731,SN16,875,887,1553,1553,,
50,57,2,,1041,1,1041,,,,,,,,,,
51,57,2,,1041,,,120601,1,SN1496,SN16,941,957,1408,1408,,
50,57,2,,1042,1,1042,,,,,,,,,,
51,57,2,,1042,,,110204,1,SN3970,SN16,943,954,1569,1569,,
50,57,2,,1043,1,1043,,,,,,,,,,
51,57,2,,1043,,,111002,1,SN6377,SN16,945,963,1422,1422,,
50,57,2,,1044,1,1044,,,,,,,,,,
51,57,2,,1044,,,112102,1,SN6542,SN16,1100,1110,1567,1567,,
50,57,2,,1045,1,1045,,,,,,,,,,
51,57,2,,1045,,,111306,1,SN20016,SN16,1152,1172,1547,1547,,
50,57,2,,1046,1,1046,,,,,,,,,,
51,57,2,,1046,,,120302,1,SN1571,SN16,1177,1194,1590,1590,,
50,57,2,,1047,1,1047,,,,,,,,,,
51,57,2,,1047,,,120621,1,SN3692,SN16,1186,1204,1661,1661,,
50,57,2,,1048,1,1048,,,,,,,,,,
51,57,2,,1048,,,111106,1,SN5943,SN16,1207,1223,1555,1555,,
50,57,2,,1049,1,1049,,,,,,,,,,
51,57,2,,1049,,,111007,1,SN655,SN16,434,454,1091,1091,,
50,57,2,,1050,1,1050,,,,,,,,,,
51,57,2,,1050,,,120309,1,SN5943,SN16,923,941,1512,1512,,
50,57,2,,1051,1,1051,,,,,,,,,,
51,57,2,,1051,,,120309,1,SN16,SN5943,307,307,923,923,,
50,57,2,,1052,1,1052,,,,,,,,,,
51,57,2,,1052,,,121002,1,SN2770,SN16,701,717,1124,1124,,
50,57,2,,1053,1,1053,,,,,,,,,,
51,57,2,,1053,,,110203,1,SN16,SN3970,319,319,853,853,,
50,57,2,,1054,1,1054,,,,,,,,,,
51,57,2,,1054,,,110203,1,SN3970,SN16,853,864,1298,1298,,
50,57,2,,1055,1,1055,,,,,,,,,,
51,57,2,,1055,,,111306,1,SN20016,SN20016,681,696,1152,1152,,
50,57,2,,1056,1,1056,,,,,,,,,,
51,57,2,,1056,,,111306,1,SN16,SN20016,257,257,681,681,,
50,57,2,,1057,1,1057,,,,,,,,,,
51,57,2,,1057,,,120312,1,SN1571,SN16,718,731,1133,1133,,
50,57,2,,1058,1,1058,,,,,,,,,,
51,57,2,,1058,,,112102,1,SN16,SN6542,240,240,831,831,,
50,57,2,,1059,1,1059,,,,,,,,,,
51,57,2,,1059,,,190402,1,SN20015,SN16,809,824,1433,1433,,
50,57,2,,1060,1,1060,,,,,,,,,,
51,57,2,,1060,,,120614,1,SN516,SN16,799,815,1165,1165,,
50,57,2,,1061,1,1061,,,,,,,,,,
51,57,2,,1061,,,120614,1,SN16,SN516,372,372,799,799,,
50,57,2,,1062,1,1062,,,,,,,,,,
51,57,2,,1062,,,111103,1,SN6775,SN16,1030,1054,1498,1498,,
50,57,2,,1063,1,1063,,,,,,,,,,
51,57,2,,1063,,,120807,1,SN16,SN3419,362,362,826,826,,
50,57,2,,1064,1,1064,,,,,,,,,,
51,57,2,,1064,,,120807,1,SN3419,SN3419,826,844,1233,1233,,
50,57,2,,1065,1,1065,,,,,,,,,,
51,57,2,,1065,,,120807,1,SN3419,SN16,1233,1251,1602,1602,,
50,57,2,,1066,1,1066,,,,,,,,,,
51,57,2,,1066,,,121801,1,SN3872,SN5731,738,755,1112,1112,,
50,57,2,SIMM FX,1067,1,1067,,,,,,,,,,
51,57,2,SIMM FX,1067,,,121801,1,SN5731,SN16,1112,1126,1549,1549,,
50,57,2,,1068,1,1068,,,,,,,,,,
51,57,2,,1068,,,121002,1,SN16,SN2770,110,110,701,701,,
50,57,2,,1069,1,1069,,,,,,,,,,
51,57,2,,1069,,,111006,1,SN655,SN16,931,948,1506,1506,,
50,57,2,,1070,1,1070,,,,,,,,,,
51,57,2,,1070,,,111006,1,SN16,SN655,330,330,931,931,,
50,57,2,,1071,1,1071,,,,,,,,,,
51,57,2,,1071,,,122003,1,SN16,SN7125,249,249,747,747,,
50,57,2,,1072,1,1072,,,,,,,,,,
51,57,2,,1072,,,122003,1,SN7125,SN7125,747,760,1107,1107,,
50,57,2,,1073,1,1073,,,,,,,,,,
51,57,2,,1073,,,111002,1,SN16,SN6377,133,133,723,723,,
50,57,2,,1074,1,1074,,,,,,,,,,
51,57,2,,1074,,,122003,1,SN7125,SN16,1107,1121,1519,1519,,
50,57,2,,1075,1,1075,,,,,,,,,,
51,57,2,,1075,,,120808,1,SN16,SN6144,717,717,1209,1209,,
50,57,2,,1076,1,1076,,,,,,,,,,
51,57,2,,1076,,,111307,1,SN20016,SN16,575,594,1179,1179,,
50,57,2,,1077,1,1077,,,,,,,,,,
51,57,2,,1077,,,120311,1,SN5943,SN16,974,995,1454,1454,,
50,57,2,,1078,1,1078,,,,,,,,,,
51,57,2,,1078,,,120311,1,SN16,SN5943,344,344,974,974,,
50,57,2,,1079,1,1079,,,,,,,,,,
51,57,2,,1079,,,121008,1,SN16,SN2770,340,340,925,925,,
50,57,2,,1080,1,1080,,,,,,,,,,
51,57,2,,1080,,,121008,1,SN2770,SN16,925,949,1567,1567,,
50,57,2,,1081,1,1081,,,,,,,,,,
51,57,2,,1081,,,112101,1,SN16,SN6542,244,244,891,891,,
50,57,2,,1082,1,1082,,,,,,,,,,
51,57,2,,1082,,,120615,1,SN16,SN503,390,390,1005,1005,,
50,57,2,,1083,1,1083,,,,,,,,,,
51,57,2,,1083,,,110508,1,SN16,SN16,715,715,1173,1173,,
50,57,2,,1084,1,1084,,,,,,,,,,
51,57,2,,1084,,,120304,1,SN16,SN5943,247,247,823,823,,
50,57,2,,1085,1,1085,,,,,,,,,,
51,57,2,,1085,,,120304,1,SN5943,SN16,823,840,1234,1234,,
50,57,2,,1086,1,1086,,,,,,,,,,
51,57,2,,1086,,,120601,1,SN16,SN1496,85,85,720,720,,
50,57,2,,1087,1,1087,,,,,,,,,,
51,57,2,,1087,,,110603,1,SN5475,SN16,901,915,1400,1400,,
50,57,2,,1088,1,1088,,,,,,,,,,
51,57,2,,1088,,,110603,1,SN16,SN5475,256,256,901,901,,
50,57,2,,1089,1,1089,,,,,,,,,,
51,57,2,,1089,,,120806,1,SN16,SN6144,355,355,842,842,,
50,57,2,,1090,1,1090,,,,,,,,,,
51,57,2,,1090,,,120806,1,SN6144,SN16,842,858,1216,1216,,
50,57,2,,1091,1,1091,,,,,,,,,,
51,57,2,,1091,,,111309,1,SN16,SN20016,390,390,846,846,,
50,57,2,,1092,1,1092,,,,,,,,,,
51,57,2,,1092,,,111309,1,SN20016,SN20016,846,861,1201,1201,,
50,57,2,,1093,1,1093,,,,,,,,,,
51,57,2,,1093,,,111309,1,SN20016,SN16,1201,1212,1666,1666,,
50,57,2,SIMM FX,1094,1,1094,,,,,,,,,,
51,57,2,SIMM FX,1094,,,121802,1,SN16,SN3872,246,246,829,829,,
50,57,2,,1095,1,1095,,,,,,,,,,
51,57,2,,1095,,,121802,1,SN3872,SN16,829,843,1275,1275,,
50,57,2,,1096,1,1096,,,,,,,,,,
51,57,2,,1096,,,111005,1,SN655,SN655,677,692,1108,1108,,
50,57,2,,1097,1,1097,,,,,,,,,,
51,57,2,,1097,,,111005,1,SN655,SN16,1108,1133,1604,1604,,
50,57,2,,1098,1,1098,,,,,,,,,,
51,57,2,,1098,,,120622,1,SN3692,SN16,933,947,1556,1556,,
50,57,2,,1099,1,1099,,,,,,,,,,
51,57,2,,1099,,,110201,1,SN3970,SN16,763,774,1343,1343,,
50,57,2,,1100,1,1100,,,,,,,,,,
51,57,2,,1100,,,110201,1,SN16,SN3970,236,236,763,763,,
50,57,2,,1101,1,1101,,,,,,,,,,
51,57,2,,1101,,,122002,1,SN16,SN6970,270,270,896,896,,
50,57,2,,1102,1,1102,,,,,,,,,,
51,57,2,,1102,,,122002,1,SN6970,SN16,896,910,1525,1525,,
50,57,2,,1103,1,1103,,,,,,,,,,
51,57,2,,1103,,,121903,1,SN16,SN20016,272,272,891,891,,
50,57,2,,1104,1,1104,,,,,,,,,,
51,57,2,,1104,,,111508,1,SN16,SN677,353,353,828,828,,
50,57,2,,1105,1,1105,,,,,,,,,,
51,57,2,,1105,,,120310,1,SN16,SN5943,326,326,801,801,,
50,57,2,,1106,1,1106,,,,,,,,,,
51,57,2,,1106,,,120310,1,SN5943,SN16,801,820,1214,1214,,
50,57,2,,1107,1,1107,,,,,,,,,,
51,57,2,,1107,,,121009,1,SN16,SN1496,372,372,1001,1001,,
50,57,2,,1108,1,1108,,,,,,,,,,
51,57,2,,1108,,,121009,1,SN1496,SN16,1001,1017,1387,1387,,
50,57,2,,1109,1,1109,,,,,,,,,,
51,57,2,,1109,,,111101,1,SN16,SN6775,252,252,793,793,,
50,57,2,,1110,1,1110,,,,,,,,,,
51,57,2,,1110,,,111101,1,SN6775,SN16,793,816,1209,1209,,
50,57,2,,1111,1,1111,,,,,,,,,,
51,57,2,,1111,,,120305,1,SN5943,SN16,721,743,1145,1145,,
50,57,2,,1112,1,1112,,,,,,,,,,
51,57,2,,1112,,,110204,1,SN16,SN3970,346,346,943,943,,
50,57,2,,1113,1,1113,,,,,,,,,,
51,57,2,,1113,,,121803,1,SN16,SN5731,280,280,875,875,,
50,57,2,,1114,1,1114,,,,,,,,,,
51,57,2,,1114,,,111004,1,SN16,SN655,277,277,870,870,,
50,57,2,,1115,1,1115,,,,,,,,,,
51,57,2,,1115,,,111004,1,SN655,SN16,870,888,1447,1447,,
50,57,2,,1116,1,1116,,,,,,,,,,
51,57,2,,1116,,,121902,1,SN16,SN677,253,253,789,789,,
50,57,2,,1117,1,1117,,,,,,,,,,
51,57,2,,1117,,,121902,1,SN677,SN16,789,803,1354,1354,,
50,57,2,,1118,1,1118,,,,,,,,,,
51,57,2,,1118,,,120902,1,SN16,SN2017,301,301,899,899,,
50,57,2,,1119,1,1119,,,,,,,,,,
51,57,2,,1119,,,120902,1,SN2017,SN16,899,909,1258,1258,,
50,57,2,,1120,1,1120,,,,,,,,,,
51,57,2,,1120,,,111509,1,SN16,SN5283,365,365,829,829,,
50,57,2,,1121,1,1121,,,,,,,,,,
51,57,2,,1121,,,111106,1,SN16,SN4229,323,323,775,775,,
50,57,2,,1122,1,1122,,,,,,,,,,
51,57,2,,1122,,,111106,1,SN4229,SN5943,775,790,1207,1207,,
50,57,2,,1123,1,1123,,,,,,,,,,
51,57,2,,1123,,,120306,1,SN1571,SN5943,738,751,1127,1127,,
50,57,2,,1124,1,1124,,,,,,,,,,
51,57,2,,1124,,,120306,1,SN5943,SN16,1127,1141,1568,1568,,
50,57,2,,1125,1,1125,,,,,,,,,,
51,57,2,,1125,,,120603,1,SN6479,SN16,787,809,1335,1335,,
50,57,2,,1126,1,1126,,,,,,,,,,
51,57,2,,1126,,,120603,1,SN16,SN6479,203,203,787,787,,
50,57,2,,1127,1,1127,,,,,,,,,,
51,57,2,,1127,,,110601,1,SN5475,SN20015,544,558,1166,1166,,
50,57,2,,1128,1,1128,,,,,,,,,,
51,57,2,,1128,,,121804,1,SN3872,SN16,919,932,1444,1444,,
50,57,2,SIMM FX,1129,1,1129,,,,,,,,,,
51,57,2,SIMM FX,1129,,,121804,1,SN16,SN3872,321,321,919,919,,
50,57,2,,1130,1,1130,,,,,,,,,,
51,57,2,,1130,,,120620,1,SN16,SN16,470,470,1103,1103,,
50,57,2,,1131,1,1131,,,,,,,,,,
51,57,2,,1131,,,120611,1,SN16,SN6479,336,336,968,968,,
50,57,2,,1132,1,1132,,,,,,,,,,
51,57,2,,1132,,,120619,1,SN516,SN16,696,715,1159,1159,,
50,57,2,,1133,1,1133,,,,,,,,,,
51,57,2,,1133,,,121905,1,SN16,SN5441,357,357,850,850,,
50,57,2,,1134,1,1134,,,,,,,,,,
51,57,2,,1134,,,121905,1,SN5441,SN16,850,860,1202,1202,,
50,57,2,,1135,1,1135,,,,,,,,,,
51,57,2,,1135,,,120903,1,SN16,SN5885,344,344,787,787,,
50,57,2,,1136,1,1136,,,,,,,,,,
51,57,2,,1136,,,111506,1,SN16,SN677,309,309,868,868,,
50,57,2,,1137,1,1137,,,,,,,,,,
51,57,2,,1137,,,111010,1,SN655,SN16,1011,1031,1395,1395,,
50,57,2,,1138,1,1138,,,,,,,,,,
51,57,2,,1138,,,110109,1,SN16,SN677,301,301,784,784,,
50,57,2,,1139,1,1139,,,,,,,,,,
51,57,2,,1139,,,110109,1,SN677,SN5441,784,794,1270,1270,,
50,57,2,,1140,1,1140,,,,,,,,,,
51,57,2,,1140,,,112106,1,SN6542,SN16,861,870,1227,1227,,
50,57,2,,1141,1,1141,,,,,,,,,,
51,57,2,,1141,,,120307,1,SN16,SN1571,292,292,758,758,,
50,57,2,,1142,1,1142,,,,,,,,,,
51,57,2,,1142,,,120307,1,SN1571,SN16,758,771,1398,1398,,
50,57,2,,1143,1,1143,,,,,,,,,,
51,57,2,,1143,,,120602,1,SN6479,SN16,1138,1151,1527,1527,,
50,57,2,,1144,1,1144,,,,,,,,,,
51,57,2,,1144,,,120602,1,SN16,SN6479,143,143,703,703,,
50,57,2,,1145,1,1145,,,,,,,,,,
51,57,2,,1145,,,120602,1,SN6479,SN6479,703,730,1138,1138,,
50,57,2,,1146,1,1146,,,,,,,,,,
51,57,2,,1146,,,121504,1,SN16,SN3419,375,375,902,902,,
50,57,2,,1147,1,1147,,,,,,,,,,
51,57,2,,1147,,,121504,1,SN3419,SN16,902,905,1333,1333,,
50,57,2,,1148,1,1148,,,,,,,,,,
51,57,2,,1148,,,120611,1,SN6479,SN16,968,989,1557,1557,,
50,57,2,,1149,1,1149,,,,,,,,,,
51,57,2,,1149,,,120803,1,SN16,SN6144,296,296,760,760,,
50,57,2,SIMM FX,1150,1,1150,,,,,,,,,,
51,57,2,SIMM FX,1150,,,121805,1,SN16,SN3872,332,332,859,859,,
50,57,2,,1151,1,1151,,,,,,,,,,
51,57,2,,1151,,,111510,1,SN5283,SN16,907,926,1384,1384,,
50,57,2,,1152,1,1152,,,,,,,,,,
51,57,2,,1152,,,190105,1,SN16,SN16,812,812,1413,1413,,
50,57,2,,1153,1,1153,,,,,,,,,,
51,57,2,,1153,,,121904,1,SN16,SN5441,301,301,790,790,,
50,57,2,,1154,1,1154,,,,,,,,,,
51,57,2,,1154,,,121904,1,SN677,SN16,1130,1150,1537,1537,,
50,57,2,,1155,1,1155,,,,,,,,,,
51,57,2,,1155,,,121904,1,SN5441,SN677,790,802,1130,1130,,
50,57,2,,1156,1,1156,,,,,,,,,,
51,57,2,,1156,,,111507,1,SN5283,SN677,787,809,1254,1254,,
50,57,2,,1157,1,1157,,,,,,,,,,
51,57,2,,1157,,,111507,1,SN677,SN16,1254,1275,1609,1609,,
50,57,2,,1158,1,1158,,,,,,,,,,
51,57,2,,1158,,,111507,1,SN16,SN5283,327,327,787,787,,
50,57,2,,1159,1,1159,,,,,,,,,,
51,57,2,,1159,,,110108,1,SN16,SN16,735,735,1296,1296,,
50,57,2,,1160,1,1160,,,,,,,,,,
51,57,2,,1160,,,112105,1,SN16,SN6542,340,340,741,741,,
50,57,2,,1161,1,1161,,,,,,,,,,
51,57,2,,1161,,,112105,1,SN6542,SN16,741,752,1167,1167,,
50,57,2,,1162,1,1162,,,,,,,,,,
51,57,2,,1162,,,111104,1,SN6775,SN16,765,786,1181,1181,,
50,57,2,,1163,1,1163,,,,,,,,,,
51,57,2,,1163,,,121003,1,SN16,SN2770,212,212,661,661,,
50,57,2,,1164,1,1164,,,,,,,,,,
51,57,2,,1164,,,120605,1,SN16,SN3692,236,236,833,833,,
50,57,2,,1165,1,1165,,,,,,,,,,
51,57,2,,1165,,,120605,1,SN3692,SN16,833,847,1375,1375,,
50,57,2,,1166,1,1166,,,,,,,,,,
51,57,2,,1166,,,112002,1,SN16,SN6542,249,249,771,771,,
50,57,2,,1167,1,1167,,,,,,,,,,
51,57,2,,1167,,,112002,1,SN6542,SN16,1041,1050,1552,1552,,
50,57,2,,1168,1,1168,,,,,,,,,,
51,57,2,,1168,,,120802,1,SN6144,SN16,898,917,1508,1508,,
50,57,2,,1169,1,1169,,,,,,,,,,
51,57,2,,1169,,,120802,1,SN16,SN6144,264,264,898,898,,
50,57,2,,1170,1,1170,,,,,,,,,,
51,57,2,,1170,,,111009,1,SN655,SN16,811,829,1169,1169,,
50,57,2,,1171,1,1171,,,,,,,,,,
51,57,2,,1171,,,190104,1,SN16,SN7125,432,432,1005,1005,,
50,57,2,,1172,1,1172,,,,,,,,,,
51,57,2,,1172,,,190104,1,SN7125,SN16,1005,1025,1429,1429,,
50,57,2,,1173,1,1173,,,,,,,,,,
51,57,2,,1173,,,120901,1,SN6549,SN16,892,902,1265,1265,,
50,57,2,,1174,1,1174,,,,,,,,,,
51,57,2,,1174,,,120901,1,SN16,SN6549,309,309,892,892,,
50,57,2,,1175,1,1175,,,,,,,,,,
51,57,2,,1175,,,121003,1,SN2770,SN2770,661,680,1084,1084,,
50,57,2,,1176,1,1176,,,,,,,,,,
51,57,2,,1176,,,112104,1,SN6542,SN16,801,810,1167,1167,,
50,57,2,,1177,1,1177,,,,,,,,,,
51,57,2,,1177,,,112104,1,SN16,SN6542,322,322,801,801,,
50,57,2,,1178,1,1178,,,,,,,,,,
51,57,2,,1178,,,120301,1,SN16,SN6775,212,212,853,853,,
50,57,2,,1179,1,1179,,,,,,,,,,
51,57,2,,1179,,,112003,1,SN6542,SN16,651,662,1206,1206,,
50,57,2,,1180,1,1180,,,,,,,,,,
51,57,2,,1180,,,121401,1,SN16,SN3419,371,371,882,882,,
50,57,2,,1181,1,1181,,,,,,,,,,
51,57,2,,1181,,,121401,1,SN3419,SN16,882,885,1495,1495,,
50,57,2,,1182,1,1182,,,,,,,,,,
51,57,2,,1182,,,110604,1,SN16,SN5475,257,257,662,662,,
50,57,2,,1183,1,1183,,,,,,,,,,
51,57,2,,1183,,,120801,1,SN16,SN3419,264,264,703,703,,
50,57,2,,1184,1,1184,,,,,,,,,,
51,57,2,,1184,,,120801,1,SN3419,SN16,703,713,1109,1109,,
50,57,2,,1185,1,1185,,,,,,,,,,
51,57,2,,1185,,,111008,1,SN16,SN655,366,366,757,757,,
50,57,2,,1186,1,1186,,,,,,,,,,
51,57,2,,1186,,,111008,1,SN655,SN16,1182,1193,1641,1641,,
50,57,2,,1187,1,1187,,,,,,,,,,
51,57,2,,1187,,,110501,1,SN5475,SN16,1141,1152,1558,1558,,
50,57,2,,1188,1,1188,,,,,,,,,,
51,57,2,,1188,,,110501,1,SN16,SN5475,191,191,782,782,,
50,57,2,,1189,1,1189,,,,,,,,,,
51,57,2,,1189,,,110501,1,SN5475,SN5475,782,795,1141,1141,,
50,57,2,,1190,1,1190,,,,,,,,,,
51,57,2,,1190,,,121003,1,SN2770,SN16,1084,1095,1543,1543,,
50,57,2,,1191,1,1191,,,,,,,,,,
51,57,2,,1191,,,111505,1,SN16,SN677,295,295,749,749,,
50,57,2,,1192,1,1192,,,,,,,,,,
51,57,2,,1192,,,120610,1,SN3692,SN16,953,967,1394,1394,,
50,57,2,,1193,1,1193,,,,,,,,,,
51,57,2,,1193,,,120701,1,SN16,SN2017,331,331,779,779,,
50,57,2,,1194,1,1194,,,,,,,,,,
51,57,2,,1194,,,120701,1,SN2017,SN16,779,789,1164,1164,,
50,57,2,,1195,1,1195,,,,,,,,,,
51,57,2,,1195,,,120302,1,SN16,SN5943,221,221,781,781,,
50,57,2,,1196,1,1196,,,,,,,,,,
51,57,2,,1196,,,120302,1,SN5943,SN1571,781,800,1177,1177,,
50,57,2,,1197,1,1197,,,,,,,,,,
51,57,2,,1197,,,120607,1,SN3692,SN16,873,887,1501,1501,,
50,57,2,,1198,1,1198,,,,,,,,,,
51,57,2,,1198,,,121501,1,SN3419,SN20015,313,316,929,929,,
50,57,2,,1199,1,1199,,,,,,,,,,
51,57,2,,1199,,,121501,1,SN20015,SN16,929,941,1553,1553,,
50,57,2,,1200,1,1200,,,,,,,,,,
51,57,2,,1200,,,110605,1,SN3419,SN16,766,769,1122,1122,,
50,57,2,,1201,1,1201,,,,,,,,,,
51,57,2,,1201,,,110605,1,SN16,SN3419,301,301,766,766,,
50,57,2,,1202,1,1202,,,,,,,,,,
51,57,2,,1202,,,111310,1,SN20016,SN16,741,756,1388,1388,,
50,57,2,,1203,1,1203,,,,,,,,,,
51,57,2,,1203,,,111001,1,SN16,SN6775,73,73,714,714,,
50,57,2,,1204,1,1204,,,,,,,,,,
51,57,2,,1204,,,120610,1,SN16,SN3692,326,326,953,953,,
50,57,2,,1205,1,1205,,,,,,,,,,
51,57,2,,1205,,,121011,1,SN16,SN1496,805,805,1288,1288,,
50,57,2,,1206,1,1206,,,,,,,,,,
51,57,2,,1206,,,110104,1,SN16,SN5441,266,266,880,880,,
50,57,2,,1207,1,1207,,,,,,,,,,
51,57,2,,1207,,,110104,1,SN5441,SN16,1161,1171,1586,1586,,
50,57,2,,1208,1,1208,,,,,,,,,,
51,57,2,,1208,,,120609,1,SN3692,SN16,1127,1144,1606,1606,,
50,57,2,,1209,1,1209,,,,,,,,,,
51,57,2,,1209,,,120609,1,SN16,SN3692,297,297,695,695,,
50,57,2,,1210,1,1210,,,,,,,,,,
51,57,2,,1210,,,111001,1,SN6775,SN16,714,728,1129,1129,,
50,57,2,,1211,1,1211,,,,,,,,,,
51,57,2,,1211,,,120609,1,SN3692,SN3692,695,708,1127,1127,,
50,57,2,,1212,1,1212,,,,,,,,,,
51,57,2,,1212,,,111502,1,SN677,SN16,1104,1125,1469,1469,,
50,57,2,,1213,1,1213,,,,,,,,,,
51,57,2,,1213,,,120702,1,SN16,SN6549,324,324,772,772,,
50,57,2,,1214,1,1214,,,,,,,,,,
51,57,2,,1214,,,120303,1,SN1571,SN6775,813,838,1282,1282,,
50,57,2,,1215,1,1215,,,,,,,,,,
51,57,2,,1215,,,120303,1,SN16,SN1571,235,235,813,813,,
50,57,2,,1216,1,1216,,,,,,,,,,
51,57,2,,1216,,,120606,1,SN6479,SN16,887,909,1432,1432,,
50,57,2,,1217,1,1217,,,,,,,,,,
51,57,2,,1217,,,112001,1,SN6542,SN16,681,692,1233,1233,,
50,57,2,,1218,1,1218,,,,,,,,,,
51,57,2,,1218,,,110107,1,SN677,SN16,754,764,1206,1206,,
50,57,2,,1219,1,1219,,,,,,,,,,
51,57,2,,1219,,,110107,1,SN16,SN677,345,345,754,754,,
50,57,2,,1220,1,1220,,,,,,,,,,
51,57,2,,1220,,,120612,1,SN516,SN16,779,795,1145,1145,,
50,57,2,,1221,1,1221,,,,,,,,,,
51,57,2,,1221,,,110503,1,SN3419,SN5474,528,531,1119,1119,,
50,57,2,,1222,1,1222,,,,,,,,,,
51,57,2,,1222,,,110503,1,SN5474,SN16,1119,1130,1606,1606,,
50,57,2,,1223,1,1223,,,,,,,,,,
51,57,2,,1223,,,120608,1,SN16,SN6479,283,283,908,908,,
50,57,2,,1224,1,1224,,,,,,,,,,
51,57,2,,1224,,,120608,1,SN6479,SN16,908,929,1489,1489,,
50,57,2,,1225,1,1225,,,,,,,,,,
51,57,2,,1225,,,111503,1,SN16,SN677,245,245,769,769,,
50,57,2,,1226,1,1226,,,,,,,,,,
51,57,2,,1226,,,121503,1,SN16,SN20015,361,361,901,901,,
50,57,2,,1227,1,1227,,,,,,,,,,
51,57,2,,1227,,,121503,1,SN20015,SN5474,901,921,1293,1293,,
50,57,2,,1228,1,1228,,,,,,,,,,
51,57,2,,1228,,,111301,1,SN655,SN16,697,711,1148,1148,,
50,57,2,,1229,1,1229,,,,,,,,,,
51,57,2,,1229,,,111301,1,SN16,SN655,137,137,697,697,,
50,57,2,,1230,1,1230,,,,,,,,,,
51,57,2,,1230,,,110106,1,SN677,SN5441,814,823,1300,1300,,
50,57,2,,1231,1,1231,,,,,,,,,,
51,57,2,,1231,,,110106,1,SN16,SN677,328,328,814,814,,
50,57,2,,1232,1,1232,,,,,,,,,,
51,57,2,,1232,,,120613,1,SN503,SN16,804,822,1179,1179,,
50,57,2,,1233,1,1233,,,,,,,,,,
51,57,2,,1233,,,111304,1,SN20016,SN16,1026,1041,1505,1505,,
50,57,2,,1234,1,1234,,,,,,,,,,
51,57,2,,1234,,,120613,1,SN16,SN503,370,370,804,804,,
50,57,2,,1235,1,1235,,,,,,,,,,
51,57,2,,1235,,,110502,1,SN20015,SN16,1000,1018,1541,1541,,
50,57,2,,1236,1,1236,,,,,,,,,,
51,57,2,,1236,,,121001,1,SN16,SN1496,104,104,700,700,,
50,57,2,,1237,1,1237,,,,,,,,,,
51,57,2,,1237,,,111003,1,SN16,SN6377,231,231,682,682,,
50,57,2,,1238,1,1238,,,,,,,,,,
51,57,2,,1238,,,111003,1,SN6377,SN16,682,694,1132,1132,,
50,57,2,,1239,1,1239,,,,,,,,,,
51,57,2,,1239,,,122004,1,SN16,SN6970,325,325,956,956,,
50,57,2,,1240,1,1240,,,,,,,,,,
51,57,2,,1240,,,122004,1,SN6970,SN16,956,970,1473,1473,,
50,57,2,,1241,1,1241,,,,,,,,,,
51,57,2,,1241,,,121502,1,SN16,SN20015,249,249,843,843,,
50,57,2,,1242,1,1242,,,,,,,,,,
51,57,2,,1242,,,111302,1,SN5474,SN20015,314,332,881,881,,
50,57,2,,1243,1,1243,,,,,,,,,,
51,57,2,,1243,,,110103,1,SN16,SN677,273,273,724,724,,
50,57,2,,1244,1,1244,,,,,,,,,,
51,57,2,,1244,,,190103,1,SN16,SN7125,374,374,747,747,,
50,57,2,,1245,1,1245,,,,,,,,,,
51,57,2,,1245,,,190103,1,SN7125,SN16,747,758,1172,1172,,
50,57,2,,1246,1,1246,,,,,,,,,,
51,57,2,,1246,,,110101,1,SN3970,SN16,582,595,1187,1187,,
50,57,2,,1247,1,1247,,,,,,,,,,
51,57,2,,1247,,,110101,1,SN16,SN3970,222,222,582,582,,
50,57,2,,1248,1,1248,,,,,,,,,,
51,57,2,,1248,,,110103,1,SN677,SN16,1017,1032,1643,1643,,
50,57,2,,1249,1,1249,,,,,,,,,,
51,57,2,,1249,,,120616,1,SN516,SN16,656,679,1122,1122,,
50,57,2,,1250,1,1250,,,,,,,,,,
51,57,2,,1250,,,110505,1,SN20015,SN16,1127,1138,1611,1611,,
50,57,2,,1251,1,1251,,,,,,,,,,
51,57,2,,1251,,,110505,1,SN20015,SN20015,749,765,1127,1127,,
50,57,2,,1252,1,1252,,,,,,,,,,
51,57,2,,1252,,,110202,1,SN16,SN3970,255,255,823,823,,
50,57,2,,1253,1,1253,,,,,,,,,,
51,57,2,,1253,,,110202,1,SN3970,SN16,823,834,1219,1219,,
50,57,2,,1254,1,1254,,,,,,,,,,
51,57,2,,1254,,,122001,1,SN7125,SN16,868,878,1454,1454,,
50,57,2,,1255,1,1255,,,,,,,,,,
51,57,2,,1255,,,111501,1,SN5441,SN16,821,831,1375,1375,,
50,57,2,,1256,1,1256,,,,,,,,,,
51,57,2,,1256,,,122001,1,SN16,SN7125,261,261,868,868,,
50,57,2,,1257,1,1257,,,,,,,,,,
51,57,2,,1257,,,120313,1,SN1571,SN16,877,897,1495,1495,,
50,57,2,,1258,1,1258,,,,,,,,,,
51,57,2,,1258,,,110102,1,SN16,SN5441,242,242,640,640,,
50,57,2,,1259,1,1259,,,,,,,,,,
51,57,2,,1259,,,110102,1,SN5441,SN16,933,946,1542,1542,,
50,57,2,,1260,1,1260,,,,,,,,,,
51,57,2,,1260,,,112103,1,SN6542,SN16,981,989,1567,1567,,
50,57,2,,1261,1,1261,,,,,,,,,,
51,57,2,,1261,,,190401,1,SN16,SN3419,248,248,863,863,,
50,57,2,,1262,1,1262,,,,,,,,,,
51,57,2,,1262,,,111501,1,SN16,SN5441,152,152,821,821,,
50,57,2,,1263,1,1263,,,,,,,,,,
51,57,2,,1263,,,190401,1,SN3419,SN16,863,865,1389,1389,,
50,57,2,,1264,1,1264,,,,,,,,,,
51,57,2,,1264,,,110506,1,SN16,SN5474,355,355,881,881,,
50,57,2,,1265,1,1265,,,,,,,,,,
51,57,2,,1265,,,110506,1,SN5474,SN16,881,891,1406,1406,,
50,57,2,,1266,1,1266,,,,,,,,,,
51,57,2,,1266,,,121005,1,SN2770,SN16,741,753,1158,1158,,
50,57,2,,1267,1,1267,,,,,,,,,,
51,57,2,,1267,,,121005,1,SN16,SN2770,264,264,741,741,,
50,57,2,,1268,1,1268,,,,,,,,,,
51,57,2,,1268,,,110606,1,SN16,SN20015,358,358,869,869,,
50,57,2,,1420,2,1420,,,,,,,,,,
51,57,2,,1420,,,112003,1,SN16,SN6542,303,303,651,651,,
51,57,2,,1420,,,112002,2,SN6542,SN6542,771,780,1041,1041,,
50,57,2,,1423,2,1423,,,,,,,,,,
51,57,2,,1423,,,110104,1,SN5441,SN5441,880,890,1161,1161,,
51,57,2,,1423,,,110106,2,SN5441,SN16,1300,1314,1599,1599,,
50,57,2,,1501,1,1501,,,,,,,,,,
51,57,2,,1501,,,110903,1,SN19,SN6552,177,177,681,681,,
50,57,2,,1502,1,1502,,,,,,,,,,
51,57,2,,1502,,,110319,1,SN19,SN7103,205,205,737,737,,
50,57,2,,1503,1,1503,,,,,,,,,,
51,57,2,,1503,,,150403,1,SN19,SN6480,237,237,704,704,,
50,57,2,,1504,1,1504,,,,,,,,,,
51,57,2,,1504,,,110905,1,SN19,SN6158,237,237,899,899,,
50,57,2,,1505,1,1505,,,,,,,,,,
51,57,2,,1505,,,121208,1,SN19,SN6544,237,237,744,744,,
50,57,2,,1506,1,1506,,,,,,,,,,
51,57,2,,1506,,,121201,1,SN19,SN6544,253,253,654,654,,
50,57,2,,1507,1,1507,,,,,,,,,,
51,57,2,,1507,,,121202,1,SN19,SN6544,265,265,803,803,,
50,57,2,,1508,1,1508,,,,,,,,,,
51,57,2,,1508,,,110402,1,SN19,SN6552,270,270,706,706,,
50,57,2,,1509,1,1509,,,,,,,,,,
51,57,2,,1509,,,150307,1,SN19,SN20016,273,273,768,768,,
50,57,2,,1510,1,1510,,,,,,,,,,
51,57,2,,1510,,,120107,1,SN19,SN6689,283,283,848,848,,
50,57,2,,1511,1,1511,,,,,,,,,,
51,57,2,,1511,,,120106,1,SN19,SN5745,303,303,937,937,,
50,57,2,,1512,1,1512,,,,,,,,,,
51,57,2,,1512,,,111704,1,SN19,SN6552,302,302,973,973,,
50,57,2,,1513,1,1513,,,,,,,,,,
51,57,2,,1513,,,150311,1,SN19,SN20016,360,360,965,965,,
50,57,2,,1514,1,1514,,,,,,,,,,
51,57,2,,1514,,,150312,1,SN19,SN20016,390,390,995,995,,
50,57,2,,1515,2,1515,,,,,,,,,,
51,57,2,,1515,,,111906,1,SN19,SN6240,440,440,605,605,,
51,57,2,,1515,,,111903,2,SN6240,SN19,694,716,1173,1173,,
50,57,2,,1516,1,1516,,,,,,,,,,
51,57,2,,1516,,,120201,1,SN5730,SN19,556,570,1163,1163,,
50,57,2,,1517,1,1517,,,,,,,,,,
51,57,2,,1517,,,120212,1,SN5730,SN19,571,585,1091,1091,,
50,57,2,,1518,1,1518,,,,,,,,,,
51,57,2,,1518,,,110909,1,SN6552,SN19,576,588,1226,1226,,
50,57,2,,1519,1,1519,,,,,,,,,,
51,57,2,,1519,,,110311,1,SN19,SN19,592,592,1143,1143,,
50,57,2,,1520,1,1520,,,,,,,,,,
51,57,2,,1520,,,110320,1,SN19,SN7103,592,592,1016,1016,,
50,57,2,,1521,1,1521,,,,,,,,,,
51,57,2,,1521,,,111906,1,SN6240,SN19,605,627,1151,1151,,
50,57,2,,1522,1,1522,,,,,,,,,,
51,57,2,,1522,,,110313,1,SN19,SN7103,665,665,1272,1272,,
50,57,2,,1523,1,1523,,,,,,,,,,
51,57,2,,1523,,,111901,1,SN6240,SN19,664,687,1206,1206,,
50,57,2,,1524,1,1524,,,,,,,,,,
51,57,2,,1524,,,150413,1,SN6480,SN19,674,687,1201,1201,,
50,57,2,,1525,1,1525,,,,,,,,,,
51,57,2,,1525,,,150304,1,SN20016,SN19,692,711,1250,1250,,
50,57,2,,1526,1,1526,,,,,,,,,,
51,57,2,,1526,,,110403,1,SN6552,SN19,712,730,1263,1263,,
50,57,2,,1527,2,1527,,,,,,,,,,
51,57,2,,1527,,,110319,1,SN7103,SN19,737,751,1179,1179,,
51,57,2,,1527,,,110312,2,SN7103,SN19,1242,1253,1423,1423,,
50,57,2,,1528,1,1528,,,,,,,,,,
51,57,2,,1528,,,150307,1,SN20016,SN19,768,786,1410,1410,,
50,57,2,,1529,1,1529,,,,,,,,,,
51,57,2,,1529,,,120207,1,SN5730,SN19,822,838,1406,1406,,
50,57,2,,1530,1,1530,,,,,,,,,,
51,57,2,,1530,,,110804,1,SN6158,SN19,869,881,1535,1535,,
50,57,2,,1531,1,1531,,,,,,,,,,
51,57,2,,1531,,,121702,1,SN6552,SN19,884,898,1475,1475,,
50,57,2,,1532,1,1532,,,,,,,,,,
51,57,2,,1532,,,121204,1,SN6544,SN19,893,905,1406,1406,,
50,57,2,,1533,1,1533,,,,,,,,,,
51,57,2,,1533,,,110905,1,SN6158,SN19,899,911,1538,1538,,
50,57,2,,1534,1,1534,,,,,,,,,,
51,57,2,,1534,,,110802,1,SN6552,SN19,908,924,1474,1474,,
50,57,2,,1535,1,1535,,,,,,,,,,
51,57,2,,1535,,,120210,1,SN5730,SN19,915,928,1482,1482,,
50,57,2,,1536,1,1536,,,,,,,,,,
51,57,2,,1536,,,110803,1,SN6158,SN19,929,941,1547,1547,,
50,57,2,,1537,1,1537,,,,,,,,,,
51,57,2,,1537,,,150311,1,SN20016,SN19,965,981,1551,1551,,
50,57,2,,1538,1,1538,,,,,,,,,,
51,57,2,,1538,,,110320,1,SN7103,SN19,1016,1027,1522,1522,,
50,57,2,,1539,1,1539,,,,,,,,,,
51,57,2,,1539,,,150309,1,SN20016,SN19,723,741,1163,1163,,
50,57,2,,1540,1,1540,,,,,,,,,,
51,57,2,,1540,,,150309,1,SN19,SN20016,330,330,723,723,,
50,57,2,,1541,1,1541,,,,,,,,,,
51,57,2,,1541,,,120110,1,SN5745,SN19,818,831,1407,1407,,
50,57,2,,1542,1,1542,,,,,,,,,,
51,57,2,,1542,,,120110,1,SN19,SN5745,359,359,818,818,,
50,57,2,,1543,1,1543,,,,,,,,,,
51,57,2,,1543,,,120211,1,SN5730,SN5730,837,853,1407,1407,,
50,57,2,,1544,1,1544,,,,,,,,,,
51,57,2,,1544,,,120211,1,SN19,SN5730,367,367,837,837,,
50,57,2,,1546,1,1546,,,,,,,,,,
51,57,2,,1546,,,120213,1,SN19,SN19,601,601,1120,1120,,
50,57,2,,1547,1,1547,,,,,,,,,,
51,57,2,,1547,,,112201,1,SN19,SN6552,260,260,837,837,,
50,57,2,,1548,1,1548,,,,,,,,,,
51,57,2,,1548,,,121202,1,SN6544,SN19,803,815,1235,1235,,
50,57,2,,1549,1,1549,,,,,,,,,,
51,57,2,,1549,,,122105,1,SN19,SN7063,302,302,875,875,,
50,57,2,,1550,1,1550,,,,,,,,,,
51,57,2,,1550,,,122105,1,SN7063,SN19,875,899,1560,1560,,
50,57,2,,1551,1,1551,,,,,,,,,,
51,57,2,,1551,,,150312,1,SN20016,SN19,995,1011,1581,1581,,
50,57,2,,1552,1,1552,,,,,,,,,,
51,57,2,,1552,,,120103,1,SN5745,SN6689,759,771,1350,1350,,
50,57,2,,1553,1,1553,,,,,,,,,,
51,57,2,,1553,,,120103,1,SN19,SN5745,104,104,759,759,,
50,57,2,,1554,1,1554,,,,,,,,,,
51,57,2,,1554,,,110404,1,SN19,SN6552,276,276,927,927,,
50,57,2,,1555,1,1555,,,,,,,,,,
51,57,2,,1555,,,110404,1,SN6552,SN19,927,941,1465,1465,,
50,57,2,,1557,1,1557,,,,,,,,,,
51,57,2,,1557,,,110904,1,SN19,SN6552,207,207,834,834,,
50,57,2,,1559,1,1559,,,,,,,,,,
51,57,2,,1559,,,150308,1,SN19,SN20016,309,309,830,830,,
50,57,2,,1561,1,1561,,,,,,,,,,
51,57,2,,1561,,,120113,1,SN19,SN1819,371,371,1018,1018,,
50,57,2,,1562,1,1562,,,,,,,,,,
51,57,2,,1562,,,120113,1,SN1819,SN19,1018,1032,1596,1596,,
50,57,2,,1563,1,1563,,,,,,,,,,
51,57,2,,1563,,,150412,1,SN19,SN5458,362,362,947,947,,
50,57,2,,1564,1,1564,,,,,,,,,,
51,57,2,,1564,,,121203,1,SN6545,SN19,991,1003,1571,1571,,
50,57,2,,1565,1,1565,,,,,,,,,,
51,57,2,,1565,,,121203,1,SN19,SN6544,256,256,773,773,,
50,57,2,,1566,1,1566,,,,,,,,,,
51,57,2,,1566,,,150313,1,SN1136,SN19,1027,1041,1605,1605,,
50,57,2,,1567,1,1567,,,,,,,,,,
51,57,2,,1567,,,150313,1,SN19,SN1136,395,395,1027,1027,,
50,57,2,,1568,1,1568,,,,,,,,,,
51,57,2,,1568,,,110405,1,SN19,SN297,331,331,911,911,,
50,57,2,,1569,1,1569,,,,,,,,,,
51,57,2,,1569,,,150310,1,SN20016,SN19,845,861,1370,1370,,
50,57,2,,1570,1,1570,,,,,,,,,,
51,57,2,,1570,,,110405,1,SN297,SN19,911,923,1565,1565,,
50,57,2,,1571,1,1571,,,,,,,,,,
51,57,2,,1571,,,110907,1,SN6552,SN19,788,807,1370,1370,,
50,57,2,,1572,1,1572,,,,,,,,,,
51,57,2,,1572,,,150310,1,SN19,SN20016,329,329,845,845,,
50,57,2,,1573,1,1573,,,,,,,,,,
51,57,2,,1573,,,110907,1,SN19,SN6552,267,267,788,788,,
50,57,2,,1574,1,1574,,,,,,,,,,
51,57,2,,1574,,,111704,1,SN6552,SN19,973,988,1594,1594,,
50,57,2,,1575,2,1575,,,,,,,,,,
51,57,2,,1575,,,120112,1,SN6689,SN19,908,921,1213,1213,,
51,57,2,,1575,,,120103,2,SN6689,SN19,1350,1380,1519,1519,,
50,57,2,,1576,1,1576,,,,,,,,,,
51,57,2,,1576,,,120112,1,SN19,SN6689,339,339,908,908,,
50,57,2,,1577,1,1577,,,,,,,,,,
51,57,2,,1577,,,121705,1,SN19,SN6552,355,355,1005,1005,,
50,57,2,,1578,2,1578,,,,,,,,,,
51,57,2,,1578,,,121705,1,SN6552,SN19,1005,1018,1201,1201,,
51,57,2,,1578,,,121703,2,SN6552,SN19,1303,1318,1577,1577,,
50,57,2,,1579,1,1579,,,,,,,,,,
51,57,2,,1579,,,110303,1,SN19,SN7103,224,224,697,697,,
50,57,2,,1580,1,1580,,,,,,,,,,
51,57,2,,1580,,,120101,1,SN19,SN6689,44,44,698,698,,
50,57,2,,1581,1,1581,,,,,,,,,,
51,57,2,,1581,,,120101,1,SN6689,SN19,698,712,1378,1378,,
50,57,2,,1582,1,1582,,,,,,,,,,
51,57,2,,1582,,,120105,1,SN6545,SN19,931,943,1519,1519,,
50,57,2,,1583,1,1583,,,,,,,,,,
51,57,2,,1583,,,110406,1,SN6552,SN19,767,778,1423,1423,,
50,57,2,,1584,1,1584,,,,,,,,,,
51,57,2,,1584,,,110906,1,SN19,SN6552,270,270,894,894,,
50,57,2,,1585,2,1585,,,,,,,,,,
51,57,2,,1585,,,110906,1,SN6552,SN19,894,909,1178,1178,,
51,57,2,,1585,,,110904,2,SN6552,SN19,1261,1274,1579,1579,,
50,57,2,,1587,1,1587,,,,,,,,,,
51,57,2,,1587,,,111705,1,SN19,SN6552,361,361,885,885,,
50,57,2,,1588,1,1588,,,,,,,,,,
51,57,2,,1588,,,150412,1,SN5458,SN19,947,960,1523,1523,,
50,57,2,,1590,1,1590,,,,,,,,,,
51,57,2,,1590,,,110801,1,SN6552,SN19,803,822,1368,1368,,
50,57,2,,1591,1,1591,,,,,,,,,,
51,57,2,,1591,,,110801,1,SN19,SN6552,251,251,803,803,,
50,57,2,,1593,1,1593,,,,,,,,,,
51,57,2,,1593,,,121704,1,SN19,SN6552,299,299,945,945,,
50,57,2,,1594,1,1594,,,,,,,,,,
51,57,2,,1594,,,150408,1,SN1862,SN19,696,713,1133,1133,,
50,57,2,,1595,1,1595,,,,,,,,,,
51,57,2,,1595,,,150408,1,SN19,SN1862,315,315,696,696,,
50,57,2,,1596,2,1596,,,,,,,,,,
51,57,2,,1596,,,110302,1,SN19,SN19,88,88,189,189,,
51,57,2,,1596,,,110306,2,SN19,SN19,294,294,584,584,,
50,57,2,,1597,1,1597,,,,,,,,,,
51,57,2,,1597,,,120105,1,SN5745,SN6545,301,323,931,931,,
50,57,2,,1598,1,1598,,,,,,,,,,
51,57,2,,1598,,,121201,1,SN6544,SN19,654,669,1199,1199,,
50,57,2,,1599,1,1599,,,,,,,,,,
51,57,2,,1599,,,120209,1,SN5730,SN19,676,689,1191,1191,,
50,57,2,,1600,2,1600,,,,,,,,,,
51,57,2,,1600,,,120209,1,SN19,SN5730,313,313,676,676,,
51,57,2,,1600,,,120202,2,SN5730,SN5730,777,793,987,987,,
50,57,2,,1601,1,1601,,,,,,,,,,
51,57,2,,1601,,,110312,1,SN19,SN7103,629,629,1242,1242,,
50,57,2,,1602,1,1602,,,,,,,,,,
51,57,2,,1602,,,150414,1,SN19,SN19,707,707,1143,1143,,
50,57,2,,1603,1,1603,,,,,,,,,,
51,57,2,,1603,,,110407,1,SN6552,SN19,897,911,1496,1496,,
50,57,2,,1604,1,1604,,,,,,,,,,
51,57,2,,1604,,,110407,1,SN19,SN6552,333,333,897,897,,
50,57,2,,1605,1,1605,,,,,,,,,,
51,57,2,,1605,,,110901,1,SN19,SN297,117,117,762,762,,
50,57,2,,1606,1,1606,,,,,,,,,,
51,57,2,,1606,,,110901,1,SN297,SN19,762,773,1391,1391,,
50,57,2,,1607,2,1607,,,,,,,,,,
51,57,2,,1607,,,111706,1,SN6552,SN19,915,928,1117,1117,,
51,57,2,,1607,,,111707,2,SN19,SN19,1186,1186,1547,1547,,
50,57,2,,1608,1,1608,,,,,,,,,,
51,57,2,,1608,,,111706,1,SN19,SN6552,391,391,915,915,,
50,57,2,,1609,1,1609,,,,,,,,,,
51,57,2,,1609,,,110802,1,SN19,SN6552,257,257,908,908,,
50,57,2,,1610,1,1610,,,,,,,,,,
51,57,2,,1610,,,121703,1,SN6552,SN6552,762,780,1303,1303,,
50,57,2,,1611,1,1611,,,,,,,,,,
51,57,2,,1611,,,121703,1,SN19,SN6552,267,267,762,762,,
50,57,2,,1612,2,1612,,,,,,,,,,
51,57,2,,1612,,,110301,1,SN19,SN19,28,28,249,249,,
51,57,2,,1612,,,110307,2,SN19,SN19,328,328,624,624,,
50,57,2,,1613,1,1613,,,,,,,,,,
51,57,2,,1613,,,121206,1,SN6252,SN19,944,956,1544,1544,,
50,57,2,,1614,1,1614,,,,,,,,,,
51,57,2,,1614,,,121206,1,SN19,SN6252,309,309,944,944,,
50,57,2,,1615,1,1615,,,,,,,,,,
51,57,2,,1615,,,122101,1,SN7063,SN19,815,839,1478,1478,,
50,57,2,,1616,1,1616,,,,,,,,,,
51,57,2,,1616,,,122101,1,SN19,SN7063,251,251,815,815,,
50,57,2,,1617,1,1617,,,,,,,,,,
51,57,2,,1617,,,120208,1,SN1078,SN19,888,910,1556,1556,,
50,57,2,,1618,1,1618,,,,,,,,,,
51,57,2,,1618,,,120208,1,SN19,SN1078,326,326,888,888,,
50,57,2,,1619,1,1619,,,,,,,,,,
51,57,2,,1619,,,150303,1,SN19,SN1136,196,196,847,847,,
50,57,2,,1620,1,1620,,,,,,,,,,
51,57,2,,1620,,,150303,1,SN1136,SN19,847,861,1421,1421,,
50,57,2,,1621,1,1621,,,,,,,,,,
51,57,2,,1621,,,110803,1,SN19,SN6158,307,307,929,929,,
50,57,2,,1622,1,1622,,,,,,,,,,
51,57,2,,1622,,,121702,1,SN19,SN6552,277,277,884,884,,
50,57,2,,1624,1,1624,,,,,,,,,,
51,57,2,,1624,,,122102,1,SN7063,SN7074,640,664,1234,1234,,
50,57,2,,1625,1,1625,,,,,,,,,,
51,57,2,,1625,,,150402,1,SN1862,SN19,874,890,1472,1472,,
50,57,2,,1626,1,1626,,,,,,,,,,
51,57,2,,1626,,,150302,1,SN19,SN1136,140,140,787,787,,
50,57,2,,1627,1,1627,,,,,,,,,,
51,57,2,,1627,,,150302,1,SN1136,SN19,787,801,1425,1425,,
50,57,2,,1628,2,1628,,,,,,,,,,
51,57,2,,1628,,,110314,1,SN19,SN19,702,702,1122,1122,,
51,57,2,,1628,,,110316,2,SN19,SN19,1201,1201,1349,1349,,
50,57,2,,1629,1,1629,,,,,,,,,,
51,57,2,,1629,,,110903,1,SN6552,SN19,681,693,1120,1120,,
50,57,2,,1630,1,1630,,,,,,,,,,
51,57,2,,1630,,,121701,1,SN19,SN6552,230,230,763,763,,
50,57,2,,1631,1,1631,,,,,,,,,,
51,57,2,,1631,,,121701,1,SN6552,SN19,763,778,1375,1375,,
50,57,2,,1632,1,1632,,,,,,,,,,
51,57,2,,1632,,,121204,1,SN19,SN6544,282,282,893,893,,
50,57,2,,1633,1,1633,,,,,,,,,,
51,57,2,,1633,,,111902,1,SN19,SN6240,271,271,755,755,,
50,57,2,,1634,1,1634,,,,,,,,,,
51,57,2,,1634,,,111902,1,SN6240,SN19,755,772,1228,1228,,
50,57,2,,1635,1,1635,,,,,,,,,,
51,57,2,,1635,,,122103,1,SN7063,SN7074,696,719,1292,1292,,
50,57,2,,1636,1,1636,,,,,,,,,,
51,57,2,,1636,,,122103,1,SN19,SN7063,251,251,696,696,,
50,57,2,,1637,1,1637,,,,,,,,,,
51,57,2,,1637,,,150301,1,SN20016,SN20016,602,625,1230,1230,,
50,57,2,,1638,1,1638,,,,,,,,,,
51,57,2,,1638,,,150301,1,SN19,SN20016,83,83,602,602,,
50,57,2,,1639,1,1639,,,,,,,,,,
51,57,2,,1639,,,150402,1,SN19,SN1862,86,86,666,666,,
50,57,2,,1640,1,1640,,,,,,,,,,
51,57,2,,1640,,,110902,1,SN20016,SN20016,647,667,1270,1270,,
50,57,2,,1641,1,1641,,,,,,,,,,
51,57,2,,1641,,,110902,1,SN19,SN20016,147,147,647,647,,
50,57,2,,1642,1,1642,,,,,,,,,,
51,57,2,,1642,,,111701,1,SN19,SN6552,241,241,922,922,,
50,57,2,,1643,1,1643,,,,,,,,,,
51,57,2,,1643,,,111701,1,SN6552,SN19,922,938,1464,1464,,
50,57,2,,1644,1,1644,,,,,,,,,,
51,57,2,,1644,,,150404,1,SN19,SN6480,252,252,811,811,,
50,57,2,,1645,1,1645,,,,,,,,,,
51,57,2,,1645,,,111903,1,SN19,SN6240,269,269,694,694,,
50,57,2,,1646,1,1646,,,,,,,,,,
51,57,2,,1646,,,120216,1,SN1078,SN19,980,1001,1614,1614,,
50,57,2,,1647,1,1647,,,,,,,,,,
51,57,2,,1647,,,120216,1,SN19,SN1078,328,328,980,980,,
50,57,2,,1649,1,1649,,,,,,,,,,
51,57,2,,1649,,,111702,1,SN19,SN6552,253,253,775,775,,
50,57,2,,1650,1,1650,,,,,,,,,,
51,57,2,,1650,,,110308,1,SN7103,SN19,656,675,1233,1233,,
50,57,2,,1651,1,1651,,,,,,,,,,
51,57,2,,1651,,,150405,1,SN19,SN6480,265,265,734,734,,
50,57,2,,1652,1,1652,,,,,,,,,,
51,57,2,,1652,,,150405,1,SN6480,SN19,734,754,1360,1360,,
50,57,2,,1653,2,1653,,,,,,,,,,
51,57,2,,1653,,,110308,1,SN19,SN7103,345,345,656,656,,
51,57,2,,1653,,,110321,2,SN19,SN7103,742,742,936,936,,
50,57,2,,1654,1,1654,,,,,,,,,,
51,57,2,,1654,,,120204,1,SN5730,SN19,1060,1079,1586,1586,,
50,57,2,,1655,2,1655,,,,,,,,,,
51,57,2,,1655,,,111905,1,SN6240,SN19,817,832,1176,1176,,
51,57,2,,1655,,,111907,2,SN19,SN19,1275,1275,1431,1431,,
50,57,2,,1656,1,1656,,,,,,,,,,
51,57,2,,1656,,,111905,1,SN19,SN6240,353,353,817,817,,
50,57,2,,1657,1,1657,,,,,,,,,,
51,57,2,,1657,,,120204,1,SN19,SN5730,160,160,661,661,,
50,57,2,,1658,1,1658,,,,,,,,,,
51,57,2,,1658,,,110318,1,SN19,SN7103,265,265,836,836,,
50,57,2,,1659,2,1659,,,,,,,,,,
51,57,2,,1659,,,110318,1,SN7103,SN19,836,848,1185,1185,,
51,57,2,,1659,,,110313,2,SN7103,SN19,1272,1283,1521,1521,,
50,57,2,,1660,1,1660,,,,,,,,,,
51,57,2,,1660,,,121208,1,SN6544,SN19,744,755,1181,1181,,
50,57,2,,1661,1,1661,,,,,,,,,,
51,57,2,,1661,,,120203,1,SN19,SN5730,130,130,616,616,,
50,57,2,,1662,1,1662,,,,,,,,,,
51,57,2,,1662,,,150314,1,SN19,SN19,594,594,1145,1145,,
50,57,2,,1663,1,1663,,,,,,,,,,
51,57,2,,1663,,,150406,1,SN6480,SN19,886,901,1468,1468,,
50,57,2,,1664,1,1664,,,,,,,,,,
51,57,2,,1664,,,150406,1,SN19,SN6480,306,306,886,886,,
50,57,2,,1665,1,1665,,,,,,,,,,
51,57,2,,1665,,,120203,1,SN5730,SN19,616,630,1133,1133,,
50,57,2,,1666,1,1666,,,,,,,,,,
51,57,2,,1666,,,111901,1,SN19,SN6240,241,241,664,664,,
50,57,2,,1668,1,1668,,,,,,,,,,
51,57,2,,1668,,,120108,1,SN19,SN5745,329,329,968,968,,
50,57,2,,1669,1,1669,,,,,,,,,,
51,57,2,,1669,,,120207,1,SN19,SN5730,285,285,822,822,,
50,57,2,,1670,2,1670,,,,,,,,,,
51,57,2,,1670,,,150411,1,SN6480,SN19,962,976,1186,1186,,
51,57,2,,1670,,,150403,2,SN6480,SN19,1301,1316,1498,1498,,
50,57,2,,1671,1,1671,,,,,,,,,,
51,57,2,,1671,,,150306,1,SN20016,SN19,1085,1102,1641,1641,,
50,57,2,,1672,1,1672,,,,,,,,,,
51,57,2,,1672,,,150306,1,SN20016,SN20016,662,682,1085,1085,,
50,57,2,,1673,1,1673,,,,,,,,,,
51,57,2,,1673,,,150306,1,SN19,SN20016,276,276,662,662,,
50,57,2,,1674,1,1674,,,,,,,,,,
51,57,2,,1674,,,120115,1,SN19,SN1819,224,224,835,835,,
50,57,2,,1675,1,1675,,,,,,,,,,
51,57,2,,1675,,,150411,1,SN19,SN6480,363,363,962,962,,
50,57,2,,1676,1,1676,,,,,,,,,,
51,57,2,,1676,,,120115,1,SN1819,SN19,835,852,1414,1414,,
50,57,2,,1677,1,1677,,,,,,,,,,
51,57,2,,1677,,,120214,1,SN19,SN19,846,846,1441,1441,,
50,57,2,,1678,1,1678,,,,,,,,,,
51,57,2,,1678,,,110402,1,SN6552,SN19,706,720,1319,1319,,
50,57,2,,1679,1,1679,,,,,,,,,,
51,57,2,,1679,,,120106,1,SN5745,SN19,937,950,1506,1506,,
50,57,2,,1680,1,1680,,,,,,,,,,
51,57,2,,1680,,,150407,1,SN19,SN6480,302,302,780,780,,
50,57,2,,1682,1,1682,,,,,,,,,,
51,57,2,,1682,,,150407,1,SN6480,SN19,992,1006,1560,1560,,
50,57,2,,1683,1,1683,,,,,,,,,,
51,57,2,,1683,,,120109,1,SN1819,SN19,760,777,1171,1171,,
50,57,2,,1684,1,1684,,,,,,,,,,
51,57,2,,1684,,,120109,1,SN19,SN1819,314,314,760,760,,
50,57,2,,1685,1,1685,,,,,,,,,,
51,57,2,,1685,,,120206,1,SN19,SN5730,271,271,732,732,,
50,57,2,,1686,1,1686,,,,,,,,,,
51,57,2,,1686,,,120206,1,SN5730,SN5730,732,748,1133,1133,,
50,57,2,,1687,1,1687,,,,,,,,,,
51,57,2,,1687,,,120206,1,SN5730,SN19,1133,1152,1642,1642,,
50,57,2,,1688,1,1688,,,,,,,,,,
51,57,2,,1688,,,120111,1,SN1819,SN19,973,986,1579,1579,,
50,57,2,,1689,2,1689,,,,,,,,,,
51,57,2,,1689,,,110909,1,SN19,SN6552,368,368,576,576,,
51,57,2,,1689,,,110911,2,SN19,SN19,711,711,1085,1085,,
50,57,2,,1690,1,1690,,,,,,,,,,
51,57,2,,1690,,,120114,1,SN19,SN19,699,699,1186,1186,,
50,57,2,,1691,1,1691,,,,,,,,,,
51,57,2,,1691,,,120107,1,SN6689,SN19,848,862,1411,1411,,
50,57,2,,1692,1,1692,,,,,,,,,,
51,57,2,,1692,,,120201,1,SN19,SN5730,70,70,556,556,,
50,57,2,,1693,2,1693,,,,,,,,,,
51,57,2,,1693,,,150413,1,SN19,SN6480,478,478,674,674,,
51,57,2,,1693,,,150404,2,SN6480,SN19,811,826,1146,1146,,
50,57,2,,1694,1,1694,,,,,,,,,,
51,57,2,,1694,,,110321,1,SN7103,SN19,936,947,1478,1478,,
50,57,2,,1696,1,1696,,,,,,,,,,
51,57,2,,1696,,,110908,1,SN19,SN6552,323,323,879,879,,
50,57,2,,1697,1,1697,,,,,,,,,,
51,57,2,,1697,,,150304,1,SN19,SN20016,229,229,692,692,,
50,57,2,,1698,2,1698,,,,,,,,,,
51,57,2,,1698,,,120212,1,SN19,SN5730,386,386,571,571,,
51,57,2,,1698,,,120204,2,SN5730,SN5730,661,674,1060,1060,,
50,57,2,,1699,1,1699,,,,,,,,,,
51,57,2,,1699,,,120111,1,SN19,SN1819,314,314,973,973,,
50,57,2,,1700,1,1700,,,,,,,,,,
51,57,2,,1700,,,120104,1,SN19,SN6689,148,148,818,818,,
50,57,2,,1701,1,1701,,,,,,,,,,
51,57,2,,1701,,,120104,1,SN6689,SN19,818,832,1371,1371,,
50,57,2,,1702,1,1702,,,,,,,,,,
51,57,2,,1702,,,150401,1,SN6480,SN1862,159,167,756,756,,
50,57,2,,1704,1,1704,,,,,,,,,,
51,57,2,,1704,,,150401,1,SN1862,SN19,756,773,1373,1373,,
50,57,2,,1705,1,1705,,,,,,,,,,
51,57,2,,1705,,,110309,1,SN7103,SN19,556,567,1176,1176,,
50,57,2,,1706,2,1706,,,,,,,,,,
51,57,2,,1706,,,110309,1,SN19,SN7103,379,379,556,556,,
51,57,2,,1706,,,110303,2,SN7103,SN19,697,713,1121,1121,,
50,57,2,,1707,1,1707,,,,,,,,,,
51,57,2,,1707,,,111904,1,SN19,SN6240,301,301,724,724,,
50,57,2,,1709,1,1709,,,,,,,,,,
51,57,2,,1709,,,120210,1,SN19,SN5730,343,343,915,915,,
50,57,2,,1710,1,1710,,,,,,,,,,
51,57,2,,1710,,,122104,1,SN19,SN7063,287,287,755,755,,
50,57,2,,1711,1,1711,,,,,,,,,,
51,57,2,,1711,,,122104,1,SN7063,SN19,755,779,1362,1362,,
50,57,2,,1712,1,1712,,,,,,,,,,
51,57,2,,1712,,,120102,1,SN6480,SN19,932,946,1525,1525,,
50,57,2,,1713,1,1713,,,,,,,,,,
51,57,2,,1713,,,120102,1,SN1862,SN6480,431,446,932,932,,
50,57,2,,1715,1,1715,,,,,,,,,,
51,57,2,,1715,,,110804,1,SN19,SN6158,335,335,869,869,,
50,57,2,,1716,1,1716,,,,,,,,,,
51,57,2,,1716,,,150403,1,SN6480,SN6480,704,716,1301,1301,,
50,57,2,,1717,1,1717,,,,,,,,,,
51,57,2,,1717,,,120202,1,SN5730,SN19,987,1004,1532,1532,,
50,57,2,,1718,1,1718,,,,,,,,,,
51,57,2,,1718,,,120202,1,SN19,SN5730,100,100,777,777,,
50,57,2,,1719,1,1719,,,,,,,,,,
51,57,2,,1719,,,150410,1,SN19,SN6480,345,345,826,826,,
50,57,2,,1720,1,1720,,,,,,,,,,
51,57,2,,1720,,,150410,1,SN6480,SN19,826,841,1478,1478,,
50,57,2,,1721,1,1721,,,,,,,,,,
51,57,2,,1721,,,110403,1,SN19,SN6552,256,256,712,712,,
50,57,2,,1801,1,1801,,,,,,,,,,
51,57,2,,1801,,,130102,1,SN19,SN6028,169,169,693,693,,
50,57,2,,1802,1,1802,,,,,,,,,,
51,57,2,,1802,,,130105,1,SN19,SN19,182,182,524,524,,
50,57,2,,1803,1,1803,,,,,,,,,,
51,57,2,,1803,,,130110,1,SN19,SN19,449,449,1080,1080,,
50,57,2,,1804,1,1804,,,,,,,,,,
51,57,2,,1804,,,130114,1,SN19,SN19,589,589,1097,1097,,
50,57,2,,1805,1,1805,,,,,,,,,,
51,57,2,,1805,,,140101,1,SN19,SN19,632,632,1096,1096,,
50,57,2,,1806,1,1806,,,,,,,,,,
51,57,2,,1806,,,140102,1,SN19,SN19,701,701,1209,1209,,
50,57,2,,1807,1,1807,,,,,,,,,,
51,57,2,,1807,,,130109,1,SN6028,SN19,974,989,1644,1644,,
50,57,2,,1808,1,1808,,,,,,,,,,
51,57,2,,1808,,,130115,1,SN6028,SN19,1181,1199,1617,1617,,
50,57,2,,1809,1,1809,,,,,,,,,,
51,57,2,,1809,,,130101,1,SN19,SN6028,149,149,683,683,,
50,57,2,,1810,1,1810,,,,,,,,,,
51,57,2,,1810,,,130101,1,SN6028,SN19,846,861,1481,1481,,
50,57,2,,1811,2,1811,,,,,,,,,,
51,57,2,,1811,,,130103,1,SN19,SN19,162,162,478,478,,
51,57,2,,1811,,,130104,2,SN6028,SN6028,576,590,894,894,,
50,57,2,,1812,1,1812,,,,,,,,,,
51,57,2,,1812,,,130111,1,SN19,SN6028,557,557,966,966,,
50,57,2,,1813,1,1813,,,,,,,,,,
51,57,2,,1813,,,130111,1,SN6028,SN19,966,981,1564,1564,,
50,57,2,,1814,1,1814,,,,,,,,,,
51,57,2,,1814,,,130112,1,SN19,SN19,570,570,1137,1137,,
50,57,2,,1815,1,1815,,,,,,,,,,
51,57,2,,1815,,,130113,1,SN19,SN6028,590,590,1221,1221,,
50,57,2,,1816,1,1816,,,,,,,,,,
51,57,2,,1816,,,130113,1,SN6028,SN19,1221,1239,1637,1637,,
50,57,2,,1817,1,1817,,,,,,,,,,
51,57,2,,1817,,,130115,1,SN19,SN6028,618,618,1181,1181,,
50,57,2,,1818,1,1818,,,,,,,,,,
51,57,2,,1818,,,130109,1,SN19,SN6028,422,422,974,974,,
50,57,2,,1819,1,1819,,,,,,,,,,
51,57,2,,1819,,,130116,1,SN19,SN6028,629,629,1102,1102,,
50,57,2,,1820,1,1820,,,,,,,,,,
51,57,2,,1820,,,130116,1,SN6028,SN19,1102,1119,1501,1501,,
50,57,2,,1821,1,1821,,,,,,,,,,
51,57,2,,1821,,,130107,1,SN19,SN6028,348,348,870,870,,
50,57,2,,1822,1,1822,,,,,,,,,,
51,57,2,,1822,,,130107,1,SN6028,SN19,870,885,1441,1441,,
50,57,2,,1823,1,1823,,,,,,,,,,
51,57,2,,1823,,,130121,1,SN19,SN6028,478,478,1094,1094,,
50,57,2,,1824,1,1824,,,,,,,,,,
51,57,2,,1824,,,130121,1,SN6028,SN19,1094,1109,1624,1624,,
50,57,2,,1825,1,1825,,,,,,,,,,
51,57,2,,1825,,,130118,1,SN6028,SN19,1046,1061,1575,1575,,
50,57,2,,1826,1,1826,,,,,,,,,,
51,57,2,,1826,,,130108,1,SN6028,SN19,628,648,1120,1120,,
50,57,2,,1827,2,1827,,,,,,,,,,
51,57,2,,1827,,,130108,1,SN19,SN6028,363,363,628,628,,
51,57,2,,1827,,,130118,2,SN19,SN6028,731,731,1046,1046,,
50,57,2,,1828,1,1828,,,,,,,,,,
51,57,2,,1828,,,130117,1,SN19,SN6028,711,711,1117,1117,,
50,57,2,,1829,1,1829,,,,,,,,,,
51,57,2,,1829,,,130106,1,SN19,SN1358,209,209,838,838,,
50,57,2,,1830,1,1830,,,,,,,,,,
51,57,2,,1830,,,130106,1,SN1358,SN19,838,851,1476,1476,,
50,57,2,,1831,1,1831,,,,,,,,,,
51,57,2,,1831,,,130120,1,SN6028,SN19,1241,1259,1657,1657,,
50,57,2,,1832,1,1832,,,,,,,,,,
51,57,2,,1832,,,130120,1,SN19,SN6028,771,771,1241,1241,,
50,57,2,,1833,2,1833,,,,,,,,,,
51,57,2,,1833,,,130119,1,SN19,SN6028,743,743,990,990,,
51,57,2,,1833,,,130117,2,SN6028,SN19,1117,1129,1431,1431,,
50,57,2,,1834,1,1834,,,,,,,,,,
51,57,2,,1834,,,130119,1,SN6028,SN19,990,1005,1597,1597,,
50,57,2,,1835,1,1835,,,,,,,,,,
51,57,2,,1835,,,130104,1,SN6028,SN19,894,909,1510,1510,,
50,57,2,,1836,2,1836,,,,,,,,,,
51,57,2,,1836,,,130104,1,SN19,SN6028,189,189,576,576,,
51,57,2,,1836,,,130101,2,SN6028,SN6028,683,698,846,846,,
50,57,2,,1837,1,1837,,,,,,,,,,
51,57,2,,1837,,,130122,1,SN6028,SN19,982,997,1535,1535,,
50,57,2,,1838,1,1838,,,,,,,,,,
51,57,2,,1838,,,130122,1,SN19,SN6028,522,522,982,982,,
50,57,2,,1839,1,1839,,,,,,,,,,
51,57,2,,1839,,,130102,1,SN6028,SN19,693,708,1341,1341,,
50,57,2,,1400_0,1,1400_0,,,,,,,,,,
51,57,2,,1400_0,,,110602,1,SN16,SN16,316,316,469,469,,
50,57,2,,1400_1,1,1400_1,,,,,,,,,,
51,57,2,,1400_1,,,110502,1,SN5475,SN20015,604,618,1000,1000,,
50,57,2,,1401_0,1,1401_0,,,,,,,,,,
51,57,2,,1401_0,,,111108,1,SN16,SN16,426,426,542,542,,
50,57,2,,1401_1,1,1401_1,,,,,,,,,,
51,57,2,,1401_1,,,110604,1,SN5475,SN16,662,675,1158,1158,,
50,57,2,,1402_0,1,1402_0,,,,,,,,,,
51,57,2,,1402_0,,,111007,1,SN16,SN655,338,338,434,434,,
50,57,2,,1402_1,1,1402_1,,,,,,,,,,
51,57,2,,1402_1,,,111103,1,SN4229,SN6775,535,545,1030,1030,,
50,57,2,,1403_0,1,1403_0,,,,,,,,,,
51,57,2,,1403_0,,,120312,1,SN16,SN1571,354,354,718,718,,
50,57,2,,1403_1,1,1403_1,,,,,,,,,,
51,57,2,,1403_1,,,121502,1,SN20015,SN16,843,861,1089,1089,,
50,57,2,,1404_0,1,1404_0,,,,,,,,,,
51,57,2,,1404_0,,,112102,1,SN6542,SN6542,831,840,1100,1100,,
50,57,2,,1404_1,1,1404_1,,,,,,,,,,
51,57,2,,1404_1,,,120808,1,SN6144,SN16,1209,1219,1563,1563,,
50,57,2,,1405_0,1,1405_0,,,,,,,,,,
51,57,2,,1405_0,,,111103,1,SN16,SN4229,277,277,535,535,,
50,57,2,,1405_1,1,1405_1,,,,,,,,,,
51,57,2,,1405_1,,,111010,1,SN16,SN655,680,680,1011,1011,,
50,57,2,,1406_0,1,1406_0,,,,,,,,,,
51,57,2,,1406_0,,,111307,1,SN16,SN20016,307,307,575,575,,
50,57,2,,1406_1,1,1406_1,,,,,,,,,,
51,57,2,,1406_1,,,121001,1,SN1496,SN16,700,719,1045,1045,,
50,57,2,,1407_0,1,1407_0,,,,,,,,,,
51,57,2,,1407_0,,,112101,1,SN6542,SN16,891,899,1176,1176,,
50,57,2,,1407_1,1,1407_1,,,,,,,,,,
51,57,2,,1407_1,,,121011,1,SN1496,SN16,1288,1307,1616,1616,,
50,57,2,,1408_0,1,1408_0,,,,,,,,,,
51,57,2,,1408_0,,,121903,1,SN20016,SN16,891,906,1198,1198,,
50,57,2,,1408_1,1,1408_1,,,,,,,,,,
51,57,2,,1408_1,,,110205,1,SN16,SN16,1302,1302,1546,1546,,
50,57,2,,1409_0,1,1409_0,,,,,,,,,,
51,57,2,,1409_0,,,120618,1,SN16,SN516,413,413,676,676,,
50,57,2,,1409_1,1,1409_1,,,,,,,,,,
51,57,2,,1409_1,,,111509,1,SN5283,SN16,829,846,1140,1140,,
50,57,2,,1410_0,1,1410_0,,,,,,,,,,
51,57,2,,1410_0,,,110601,1,SN16,SN5475,226,226,544,544,,
50,57,2,,1410_1,1,1410_1,,,,,,,,,,
51,57,2,,1410_1,,,111002,1,SN6377,SN6377,723,746,945,945,,
50,57,2,,1411_0,1,1411_0,,,,,,,,,,
51,57,2,,1411_0,,,120804,1,SN16,SN3419,310,310,763,763,,
50,57,2,,1411_1,1,1411_1,,,,,,,,,,
51,57,2,,1411_1,,,190106,1,SN16,SN16,927,927,1061,1061,,
50,57,2,,1412_0,1,1412_0,,,,,,,,,,
51,57,2,,1412_0,,,120619,1,SN16,SN516,433,433,696,696,,
50,57,2,,1412_1,1,1412_1,,,,,,,,,,
51,57,2,,1412_1,,,111508,1,SN677,SN16,828,842,1152,1152,,
50,57,2,,1413_0,1,1413_0,,,,,,,,,,
51,57,2,,1413_0,,,111506,1,SN677,SN16,868,882,1188,1188,,
50,57,2,,1413_1,1,1413_1,,,,,,,,,,
51,57,2,,1413_1,,,121503,1,SN5474,SN16,1293,1305,1555,1555,,
50,57,2,,1414_0,1,1414_0,,,,,,,,,,
51,57,2,,1414_0,,,112106,1,SN16,SN6542,379,379,861,861,,
50,57,2,,1414_1,1,1414_1,,,,,,,,,,
51,57,2,,1414_1,,,190107,1,SN16,SN16,987,987,1119,1119,,
50,57,2,,1415_0,1,1415_0,,,,,,,,,,
51,57,2,,1415_0,,,111107,1,SN16,SN16,365,365,485,485,,
50,57,2,,1415_1,1,1415_1,,,,,,,,,,
51,57,2,,1415_1,,,110504,1,SN3419,SN16,628,631,1109,1109,,
50,57,2,,1416_0,1,1416_0,,,,,,,,,,
51,57,2,,1416_0,,,121805,1,SN3872,SN16,859,872,1169,1169,,
50,57,2,,1416_1,1,1416_1,,,,,,,,,,
51,57,2,,1416_1,,,110109,1,SN5441,SN16,1270,1286,1558,1558,,
50,57,2,,1417_0,1,1417_0,,,,,,,,,,
51,57,2,,1417_0,,,110504,1,SN16,SN3419,308,308,628,628,,
50,57,2,,1417_1,1,1417_1,,,,,,,,,,
51,57,2,,1417_1,,,112103,1,SN6542,SN6542,711,722,981,981,,
50,57,2,,1418_0,1,1418_0,,,,,,,,,,
51,57,2,,1418_0,,,110607,1,SN16,SN16,371,371,533,533,,
50,57,2,,1418_1,1,1418_1,,,,,,,,,,
51,57,2,,1418_1,,,121010,1,SN1496,SN16,680,700,1117,1117,,
50,57,2,,1419_0,1,1419_0,,,,,,,,,,
51,57,2,,1419_0,,,120301,1,SN6775,SN16,853,873,1178,1178,,
50,57,2,,1419_1,1,1419_1,,,,,,,,,,
51,57,2,,1419_1,,,121506,1,SN16,SN16,1307,1307,1525,1525,,
50,57,2,,1421_0,1,1421_0,,,,,,,,,,
51,57,2,,1421_0,,,121501,1,SN16,SN3419,240,240,313,313,,
50,57,2,,1421_1,1,1421_1,,,,,,,,,,
51,57,2,,1421_1,,,120617,1,SN16,SN516,410,410,939,939,,
50,57,2,,1422_0,1,1422_0,,,,,,,,,,
51,57,2,,1422_0,,,111310,1,SN16,SN20016,441,441,741,741,,
50,57,2,,1422_1,1,1422_1,,,,,,,,,,
51,57,2,,1422_1,,,110606,1,SN20015,SN16,869,881,1155,1155,,
50,57,2,,1424_0,1,1424_0,,,,,,,,,,
51,57,2,,1424_0,,,121010,1,SN16,SN1496,394,394,680,680,,
50,57,2,,1424_1,1,1424_1,,,,,,,,,,
51,57,2,,1424_1,,,120315,1,SN16,SN16,803,803,1092,1092,,
50,57,2,,1425_0,1,1425_0,,,,,,,,,,
51,57,2,,1425_0,,,190101,1,SN16,SN16,288,288,591,591,,
50,57,2,,1425_1,1,1425_1,,,,,,,,,,
51,57,2,,1425_1,,,110103,1,SN677,SN677,724,734,1017,1017,,
50,57,2,,1426_0,1,1426_0,,,,,,,,,,
51,57,2,,1426_0,,,110503,1,SN16,SN3419,256,256,528,528,,
50,57,2,,1426_1,1,1426_1,,,,,,,,,,
51,57,2,,1426_1,,,111510,1,SN16,SN5283,619,619,907,907,,
50,57,2,,1427_0,1,1427_0,,,,,,,,,,
51,57,2,,1427_0,,,111304,1,SN20016,SN20016,546,564,1026,1026,,
50,57,2,,1427_1,1,1427_1,,,,,,,,,,
51,57,2,,1427_1,,,110601,1,SN20015,SN16,1166,1189,1287,1287,,
50,57,2,,1428_0,1,1428_0,,,,,,,,,,
51,57,2,,1428_0,,,111304,1,SN16,SN20016,227,227,546,546,,
50,57,2,,1428_1,1,1428_1,,,,,,,,,,
51,57,2,,1428_1,,,110102,1,SN5441,SN5441,640,653,933,933,,
50,57,2,,1429_0,1,1429_0,,,,,,,,,,
51,57,2,,1429_0,,,110502,1,SN16,SN5475,251,251,604,604,,
50,57,2,,1429_1,1,1429_1,,,,,,,,,,
51,57,2,,1429_1,,,120601,1,SN1496,SN1496,720,739,941,941,,
50,57,2,,1430_0,1,1430_0,,,,,,,,,,
51,57,2,,1430_0,,,111302,1,SN20015,SN16,881,898,1180,1180,,
50,57,2,,1430_1,1,1430_1,,,,,,,,,,
51,57,2,,1430_1,,,120303,1,SN6775,SN16,1282,1298,1546,1546,,
50,57,2,,1431_0,1,1431_0,,,,,,,,,,
51,57,2,,1431_0,,,111302,1,SN16,SN5474,167,167,314,314,,
50,57,2,,1431_1,1,1431_1,,,,,,,,,,
51,57,2,,1431_1,,,111009,1,SN16,SN655,402,402,811,811,,
50,57,2,,1432_0,1,1432_0,,,,,,,,,,
51,57,2,,1432_0,,,120616,1,SN16,SN516,392,392,656,656,,
50,57,2,,1432_1,1,1432_1,,,,,,,,,,
51,57,2,,1432_1,,,120804,1,SN3419,SN16,763,785,1090,1090,,
50,57,2,,1433_0,1,1433_0,,,,,,,,,,
51,57,2,,1433_0,,,110507,1,SN16,SN5474,440,440,821,821,,
50,57,2,,1433_1,1,1433_1,,,,,,,,,,
51,57,2,,1433_1,,,120617,1,SN516,SN16,939,955,1127,1127,,
50,57,2,,1434_0,1,1434_0,,,,,,,,,,
51,57,2,,1434_0,,,120313,1,SN16,SN1571,374,374,877,877,,
50,57,2,,1434_1,1,1434_1,,,,,,,,,,
51,57,2,,1434_1,,,120615,1,SN503,SN16,1005,1023,1109,1109,,
50,57,2,,1545_0,1,1545_0,,,,,,,,,,
51,57,2,,1545_0,,,110305,1,SN19,SN19,278,278,585,585,,
50,57,2,,1545_1,1,1545_1,,,,,,,,,,
51,57,2,,1545_1,,,150402,1,SN1862,SN1862,666,685,874,874,,
50,57,2,,1556_0,1,1556_0,,,,,,,,,,
51,57,2,,1556_0,,,110904,1,SN6552,SN6552,834,850,1261,1261,,
50,57,2,,1556_1,1,1556_1,,,,,,,,,,
51,57,2,,1556_1,,,120116,1,SN19,SN19,1379,1379,1536,1536,,
50,57,2,,1558_0,1,1558_0,,,,,,,,,,
51,57,2,,1558_0,,,112201,1,SN6552,SN19,837,851,1202,1202,,
50,57,2,,1558_1,1,1558_1,,,,,,,,,,
51,57,2,,1558_1,,,122103,1,SN7074,SN19,1292,1324,1462,1462,,
50,57,2,,1560_0,1,1560_0,,,,,,,,,,
51,57,2,,1560_0,,,150308,1,SN20016,SN19,830,846,1173,1173,,
50,57,2,,1560_1,1,1560_1,,,,,,,,,,
51,57,2,,1560_1,,,110902,1,SN20016,SN19,1270,1289,1545,1545,,
50,57,2,,1586_0,1,1586_0,,,,,,,,,,
51,57,2,,1586_0,,,111705,1,SN6552,SN19,885,898,1178,1178,,
50,57,2,,1586_1,1,1586_1,,,,,,,,,,
51,57,2,,1586_1,,,121706,1,SN19,SN19,1248,1248,1522,1522,,
50,57,2,,1589_0,1,1589_0,,,,,,,,,,
51,57,2,,1589_0,,,120105,1,SN19,SN5745,164,164,301,301,,
50,57,2,,1589_1,1,1589_1,,,,,,,,,,
51,57,2,,1589_1,,,110310,1,SN19,SN19,405,405,705,705,,
50,57,2,,1592_0,1,1592_0,,,,,,,,,,
51,57,2,,1592_0,,,121704,1,SN6552,SN19,945,958,1147,1147,,
50,57,2,,1592_1,1,1592_1,,,,,,,,,,
51,57,2,,1592_1,,,122102,1,SN7074,SN19,1234,1264,1501,1501,,
50,57,2,,1623_0,1,1623_0,,,,,,,,,,
51,57,2,,1623_0,,,122102,1,SN19,SN7063,255,255,640,640,,
50,57,2,,1623_1,1,1623_1,,,,,,,,,,
51,57,2,,1623_1,,,121203,1,SN6544,SN6545,773,785,991,991,,
50,57,2,,1648_0,1,1648_0,,,,,,,,,,
51,57,2,,1648_0,,,111702,1,SN6552,SN19,775,794,1150,1150,,
50,57,2,,1648_1,1,1648_1,,,,,,,,,,
51,57,2,,1648_1,,,150301,1,SN20016,SN19,1230,1249,1490,1490,,
50,57,2,,1667_0,1,1667_0,,,,,,,,,,
51,57,2,,1667_0,,,120108,1,SN5745,SN19,968,980,1188,1188,,
50,57,2,,1667_1,1,1667_1,,,,,,,,,,
51,57,2,,1667_1,,,110908,1,SN6552,SN19,1280,1294,1637,1637,,
50,57,2,,1681_0,1,1681_0,,,,,,,,,,
51,57,2,,1681_0,,,150407,1,SN6480,SN6480,780,796,992,992,,
50,57,2,,1681_1,1,1681_1,,,,,,,,,,
51,57,2,,1681_1,,,110315,1,SN19,SN19,1141,1141,1407,1407,,
50,57,2,,1695_0,1,1695_0,,,,,,,,,,
51,57,2,,1695_0,,,110908,1,SN6552,SN6552,879,894,1280,1280,,
50,57,2,,1695_1,1,1695_1,,,,,,,,,,
51,57,2,,1695_1,,,120211,1,SN5730,SN19,1407,1416,1607,1607,,
50,57,2,,1703_0,1,1703_0,,,,,,,,,,
51,57,2,,1703_0,,,150401,1,SN19,SN6480,26,26,159,159,,
50,57,2,,1703_1,1,1703_1,,,,,,,,,,
51,57,2,,1703_1,,,110304,1,SN19,SN19,292,292,664,664,,
50,57,2,,1708_0,1,1708_0,,,,,,,,,,
51,57,2,,1708_0,,,111904,1,SN6240,SN19,724,746,1261,1261,,
50,57,2,,1708_1,1,1708_1,,,,,,,,,,
51,57,2,,1708_1,,,110317,1,SN19,SN19,1379,1379,1463,1463,,
50,57,2,,1714_0,1,1714_0,,,,,,,,,,
51,57,2,,1714_0,,,120102,1,SN19,SN1862,88,88,431,431,,
50,57,2,,1714_1,1,1714_1,,,,,,,,,,
51,57,2,,1714_1,,,110406,1,SN19,SN6552,532,532,767,767,,
