record type,booking id,service type,division name,run id,run pieces,run name,block number,piece number,start place,end place,sign on time of piece,start time of piece,end time of piece,clear time of piece,special trip option id,op days
50,1,3,,1000,1,1000,,,,,,,,,,
51,1,3,,1000,,,211303,1,SN16,SN20016,197,197,831,831,,
50,1,3,,1001,1,1001,,,,,,,,,,
51,1,3,,1001,,,211502,1,SN16,SN677,205,205,711,711,,
50,1,3,,1002,1,1002,,,,,,,,,,
51,1,3,,1002,,,212001,1,SN16,SN6542,224,224,681,681,,
50,1,3,,1003,1,1003,,,,,,,,,,
51,1,3,,1003,,,211104,1,SN16,SN6775,228,228,765,765,,
50,1,3,SIMM FX,1004,1,1004,,,,,,,,,,
51,1,3,SIMM FX,1004,,,221801,1,SN16,SN3872,235,235,738,738,,
50,1,3,,1005,1,1005,,,,,,,,,,
51,1,3,,1005,,,211504,1,SN16,SN677,241,241,848,848,,
50,1,3,,1006,1,1006,,,,,,,,,,
51,1,3,,1006,,,211305,1,SN16,SN20016,252,252,634,634,,
50,1,3,,1007,1,1007,,,,,,,,,,
51,1,3,,1007,,,220305,1,SN16,SN5943,259,259,721,721,,
50,1,3,,1008,1,1008,,,,,,,,,,
51,1,3,,1008,,,220606,1,SN16,SN6479,262,262,887,887,,
50,1,3,,1009,1,1009,,,,,,,,,,
51,1,3,,1009,,,211011,1,SN16,SN655,261,261,738,738,,
50,1,3,,1010,1,1010,,,,,,,,,,
51,1,3,,1010,,,220607,1,SN16,SN3692,263,263,873,873,,
50,1,3,,1011,1,1011,,,,,,,,,,
51,1,3,,1011,,,220306,1,SN16,SN1571,269,269,738,738,,
50,1,3,,1012,1,1012,,,,,,,,,,
51,1,3,,1012,,,221004,1,SN16,SN1496,274,274,740,740,,
50,1,3,,1013,1,1013,,,,,,,,,,
51,1,3,,1013,,,221006,1,SN16,SN1496,284,284,865,865,,
50,1,3,,1014,1,1014,,,,,,,,,,
51,1,3,,1014,,,220308,1,SN16,SN1571,290,290,897,897,,
50,1,3,,1015,1,1015,,,,,,,,,,
51,1,3,,1015,,,211005,1,SN16,SN655,294,294,677,677,,
50,1,3,,1016,1,1016,,,,,,,,,,
51,1,3,,1016,,,220622,1,SN16,SN3692,311,311,933,933,,
50,1,3,,1017,1,1017,,,,,,,,,,
51,1,3,,1017,,,210505,1,SN16,SN20015,310,310,749,749,,
50,1,3,,1018,1,1018,,,,,,,,,,
51,1,3,,1018,,,212103,1,SN16,SN6542,312,312,711,711,,
50,1,3,,1019,1,1019,,,,,,,,,,
51,1,3,,1019,,,220612,1,SN16,SN516,352,352,779,779,,
50,1,3,,1020,1,1020,,,,,,,,,,
51,1,3,,1020,,,290402,1,SN16,SN20015,359,359,809,809,,
50,1,3,,1021,1,1021,,,,,,,,,,
51,1,3,,1021,,,211109,1,SN16,SN16,629,629,1155,1155,,
50,1,3,,1022,1,1022,,,,,,,,,,
51,1,3,,1022,,,211305,1,SN6228,SN16,651,651,1124,1124,,
50,1,3,,1023,1,1023,,,,,,,,,,
51,1,3,,1023,,,220621,1,SN16,SN3692,649,649,1186,1186,,
50,1,3,,1024,1,1024,,,,,,,,,,
51,1,3,,1024,,,220314,1,SN16,SN16,653,653,1179,1179,,
50,1,3,,1025,1,1025,,,,,,,,,,
51,1,3,,1025,,,220618,1,SN2182,SN16,695,695,1139,1139,,
50,1,3,,1026,1,1026,,,,,,,,,,
51,1,3,,1026,,,211502,1,SN677,SN677,728,728,1104,1104,,
50,1,3,,1027,1,1027,,,,,,,,,,
51,1,3,,1027,,,211011,1,SN655,SN16,751,751,1183,1183,,
50,1,3,,1028,1,1028,,,,,,,,,,
51,1,3,,1028,,,221004,1,SN1496,SN16,759,759,1173,1173,,
50,1,3,,1029,1,1029,,,,,,,,,,
51,1,3,,1029,,,211505,1,SN677,SN16,764,764,1329,1329,,
50,1,3,,1030,1,1030,,,,,,,,,,
51,1,3,,1030,,,211008,1,SN655,SN655,770,770,1182,1182,,
50,1,3,,1031,1,1031,,,,,,,,,,
51,1,3,,1031,,,220803,1,SN6144,SN16,769,769,1175,1175,,
50,1,3,,1032,1,1032,,,,,,,,,,
51,1,3,,1032,,,211503,1,SN677,SN16,784,784,1177,1177,,
50,1,3,,1033,1,1033,,,,,,,,,,
51,1,3,,1033,,,220702,1,SN6549,SN16,782,782,1222,1222,,
50,1,3,,1034,1,1034,,,,,,,,,,
51,1,3,,1034,,,220903,1,SN5885,SN16,798,798,1243,1243,,
50,1,3,,1035,1,1035,,,,,,,,,,
51,1,3,,1035,,,210507,1,SN5474,SN16,831,831,1340,1340,,
50,1,3,,1036,1,1036,,,,,,,,,,
51,1,3,,1036,,,211303,1,SN6228,SN16,846,846,1448,1448,,
50,1,3,,1037,1,1037,,,,,,,,,,
51,1,3,,1037,,,211504,1,SN677,SN16,862,862,1412,1412,,
50,1,3,,1038,1,1038,,,,,,,,,,
51,1,3,,1038,,,221006,1,SN1496,SN16,878,878,1447,1447,,
50,1,3,,1039,1,1039,,,,,,,,,,
51,1,3,,1039,,,220308,1,SN1571,SN16,917,917,1518,1518,,
50,1,3,,1040,1,1040,,,,,,,,,,
51,1,3,,1040,,,221803,1,SN3872,SN16,962,962,1553,1553,,
50,1,3,,1041,1,1041,,,,,,,,,,
51,1,3,,1041,,,220601,1,SN1496,SN16,957,957,1408,1408,,
50,1,3,,1042,1,1042,,,,,,,,,,
51,1,3,,1042,,,210204,1,SN3970,SN16,954,954,1569,1569,,
50,1,3,,1043,1,1043,,,,,,,,,,
51,1,3,,1043,,,211002,1,SN6377,SN16,963,963,1422,1422,,
50,1,3,,1044,1,1044,,,,,,,,,,
51,1,3,,1044,,,212102,1,SN6542,SN16,1110,1110,1567,1567,,
50,1,3,,1045,1,1045,,,,,,,,,,
51,1,3,,1045,,,211306,1,SN6228,SN16,1172,1172,1547,1547,,
50,1,3,,1046,1,1046,,,,,,,,,,
51,1,3,,1046,,,220302,1,SN1571,SN16,1194,1194,1590,1590,,
50,1,3,,1047,1,1047,,,,,,,,,,
51,1,3,,1047,,,220621,1,SN3692,SN16,1204,1204,1661,1661,,
50,1,3,,1048,1,1048,,,,,,,,,,
51,1,3,,1048,,,211106,1,SN5943,SN16,1223,1223,1555,1555,,
50,1,3,,1049,1,1049,,,,,,,,,,
51,1,3,,1049,,,211007,1,SN655,SN16,454,454,1091,1091,,
50,1,3,,1050,1,1050,,,,,,,,,,
51,1,3,,1050,,,220309,1,SN5943,SN16,941,941,1512,1512,,
50,1,3,,1051,1,1051,,,,,,,,,,
51,1,3,,1051,,,220309,1,SN16,SN5943,307,307,923,923,,
50,1,3,,1052,1,1052,,,,,,,,,,
51,1,3,,1052,,,221002,1,SN2770,SN16,717,717,1124,1124,,
50,1,3,,1053,1,1053,,,,,,,,,,
51,1,3,,1053,,,210203,1,SN16,SN3970,319,319,853,853,,
50,1,3,,1054,1,1054,,,,,,,,,,
51,1,3,,1054,,,210203,1,SN3970,SN16,864,864,1298,1298,,
50,1,3,,1055,1,1055,,,,,,,,,,
51,1,3,,1055,,,211306,1,SN6228,SN20016,696,696,1152,1152,,
50,1,3,,1056,1,1056,,,,,,,,,,
51,1,3,,1056,,,211306,1,SN16,SN20016,257,257,681,681,,
50,1,3,,1057,1,1057,,,,,,,,,,
51,1,3,,1057,,,220312,1,SN1571,SN16,731,731,1133,1133,,
50,1,3,,1058,1,1058,,,,,,,,,,
51,1,3,,1058,,,212102,1,SN16,SN6542,240,240,831,831,,
50,1,3,,1059,1,1059,,,,,,,,,,
51,1,3,,1059,,,290402,1,SN6214,SN16,824,824,1433,1433,,
50,1,3,,1060,1,1060,,,,,,,,,,
51,1,3,,1060,,,220614,1,SN2182,SN16,815,815,1165,1165,,
50,1,3,,1061,1,1061,,,,,,,,,,
51,1,3,,1061,,,220614,1,SN16,SN516,372,372,799,799,,
50,1,3,,1062,1,1062,,,,,,,,,,
51,1,3,,1062,,,211103,1,SN3274,SN16,1054,1054,1498,1498,,
50,1,3,,1063,1,1063,,,,,,,,,,
51,1,3,,1063,,,220807,1,SN16,SN3419,362,362,826,826,,
50,1,3,,1064,1,1064,,,,,,,,,,
51,1,3,,1064,,,220807,1,SN3419,SN3419,844,844,1233,1233,,
50,1,3,,1065,1,1065,,,,,,,,,,
51,1,3,,1065,,,220807,1,SN3419,SN16,1251,1251,1602,1602,,
50,1,3,SIMM FX,1066,1,1066,,,,,,,,,,
51,1,3,SIMM FX,1066,,,221801,1,SN3872,SN3872,755,755,1178,1178,,
50,1,3,,1067,1,1067,,,,,,,,,,
51,1,3,,1067,,,221801,1,SN3872,SN16,1194,1194,1549,1549,,
50,1,3,,1068,1,1068,,,,,,,,,,
51,1,3,,1068,,,221002,1,SN16,SN2770,110,110,701,701,,
50,1,3,,1069,1,1069,,,,,,,,,,
51,1,3,,1069,,,211006,1,SN655,SN16,948,948,1506,1506,,
50,1,3,,1070,1,1070,,,,,,,,,,
51,1,3,,1070,,,211006,1,SN16,SN655,330,330,931,931,,
50,1,3,,1071,1,1071,,,,,,,,,,
51,1,3,,1071,,,222003,1,SN16,SN7125,249,249,747,747,,
50,1,3,,1072,1,1072,,,,,,,,,,
51,1,3,,1072,,,222003,1,SN7125,SN7125,760,760,1107,1107,,
50,1,3,,1073,1,1073,,,,,,,,,,
51,1,3,,1073,,,211002,1,SN16,SN6377,133,133,723,723,,
50,1,3,,1074,1,1074,,,,,,,,,,
51,1,3,,1074,,,222003,1,SN7125,SN16,1121,1121,1519,1519,,
50,1,3,,1075,1,1075,,,,,,,,,,
51,1,3,,1075,,,220808,1,SN16,SN6144,717,717,1209,1209,,
50,1,3,,1076,1,1076,,,,,,,,,,
51,1,3,,1076,,,211307,1,SN6228,SN16,594,594,1179,1179,,
50,1,3,,1077,1,1077,,,,,,,,,,
51,1,3,,1077,,,220311,1,SN5943,SN16,995,995,1454,1454,,
50,1,3,,1078,1,1078,,,,,,,,,,
51,1,3,,1078,,,220311,1,SN16,SN5943,344,344,974,974,,
50,1,3,,1079,1,1079,,,,,,,,,,
51,1,3,,1079,,,221008,1,SN16,SN2770,340,340,925,925,,
50,1,3,,1080,1,1080,,,,,,,,,,
51,1,3,,1080,,,221008,1,SN2770,SN16,949,949,1567,1567,,
50,1,3,,1081,1,1081,,,,,,,,,,
51,1,3,,1081,,,212101,1,SN16,SN6542,244,244,891,891,,
50,1,3,,1082,1,1082,,,,,,,,,,
51,1,3,,1082,,,220615,1,SN16,SN503,390,390,1005,1005,,
50,1,3,,1083,1,1083,,,,,,,,,,
51,1,3,,1083,,,210508,1,SN16,SN16,715,715,1173,1173,,
50,1,3,,1084,1,1084,,,,,,,,,,
51,1,3,,1084,,,220304,1,SN16,SN5943,247,247,823,823,,
50,1,3,,1085,1,1085,,,,,,,,,,
51,1,3,,1085,,,220304,1,SN5943,SN16,840,840,1234,1234,,
50,1,3,,1086,1,1086,,,,,,,,,,
51,1,3,,1086,,,220601,1,SN16,SN1496,85,85,720,720,,
50,1,3,,1087,1,1087,,,,,,,,,,
51,1,3,,1087,,,210603,1,SN5475,SN16,915,915,1400,1400,,
50,1,3,,1088,1,1088,,,,,,,,,,
51,1,3,,1088,,,210603,1,SN16,SN5475,256,256,901,901,,
50,1,3,,1089,1,1089,,,,,,,,,,
51,1,3,,1089,,,220806,1,SN16,SN6144,355,355,842,842,,
50,1,3,,1090,1,1090,,,,,,,,,,
51,1,3,,1090,,,220806,1,SN6144,SN16,858,858,1216,1216,,
50,1,3,,1091,1,1091,,,,,,,,,,
51,1,3,,1091,,,211309,1,SN16,SN20016,390,390,846,846,,
50,1,3,,1092,1,1092,,,,,,,,,,
51,1,3,,1092,,,211309,1,SN6228,SN20016,861,861,1201,1201,,
50,1,3,,1093,1,1093,,,,,,,,,,
51,1,3,,1093,,,211309,1,SN6228,SN16,1212,1212,1666,1666,,
50,1,3,SIMM FX,1094,1,1094,,,,,,,,,,
51,1,3,SIMM FX,1094,,,221802,1,SN16,SN3872,246,246,829,829,,
50,1,3,,1095,1,1095,,,,,,,,,,
51,1,3,,1095,,,221802,1,SN3872,SN16,843,843,1275,1275,,
50,1,3,,1096,1,1096,,,,,,,,,,
51,1,3,,1096,,,211005,1,SN655,SN655,692,692,1108,1108,,
50,1,3,,1097,1,1097,,,,,,,,,,
51,1,3,,1097,,,211005,1,SN655,SN16,1133,1133,1604,1604,,
50,1,3,,1098,1,1098,,,,,,,,,,
51,1,3,,1098,,,220622,1,SN3692,SN16,947,947,1556,1556,,
50,1,3,,1099,1,1099,,,,,,,,,,
51,1,3,,1099,,,210201,1,SN3970,SN16,774,774,1343,1343,,
50,1,3,,1100,1,1100,,,,,,,,,,
51,1,3,,1100,,,210201,1,SN16,SN3970,236,236,763,763,,
50,1,3,,1101,1,1101,,,,,,,,,,
51,1,3,,1101,,,222002,1,SN16,SN6970,270,270,896,896,,
50,1,3,,1102,1,1102,,,,,,,,,,
51,1,3,,1102,,,222002,1,SN6970,SN16,910,910,1525,1525,,
50,1,3,,1103,1,1103,,,,,,,,,,
51,1,3,,1103,,,221903,1,SN16,SN20016,272,272,891,891,,
50,1,3,,1104,1,1104,,,,,,,,,,
51,1,3,,1104,,,211508,1,SN16,SN677,353,353,828,828,,
50,1,3,,1105,1,1105,,,,,,,,,,
51,1,3,,1105,,,220310,1,SN16,SN5943,326,326,801,801,,
50,1,3,,1106,1,1106,,,,,,,,,,
51,1,3,,1106,,,220310,1,SN5943,SN16,820,820,1214,1214,,
50,1,3,,1107,1,1107,,,,,,,,,,
51,1,3,,1107,,,221009,1,SN16,SN1496,372,372,1001,1001,,
50,1,3,,1108,1,1108,,,,,,,,,,
51,1,3,,1108,,,221009,1,SN1496,SN16,1017,1017,1387,1387,,
50,1,3,,1109,1,1109,,,,,,,,,,
51,1,3,,1109,,,211101,1,SN16,SN6775,252,252,793,793,,
50,1,3,,1110,1,1110,,,,,,,,,,
51,1,3,,1110,,,211101,1,SN3274,SN16,816,816,1209,1209,,
50,1,3,,1111,1,1111,,,,,,,,,,
51,1,3,,1111,,,220305,1,SN5943,SN16,743,743,1145,1145,,
50,1,3,,1112,1,1112,,,,,,,,,,
51,1,3,,1112,,,210204,1,SN16,SN3970,346,346,943,943,,
50,1,3,SIMM FX,1113,1,1113,,,,,,,,,,
51,1,3,SIMM FX,1113,,,221803,1,SN16,SN3872,280,280,949,949,,
50,1,3,,1114,1,1114,,,,,,,,,,
51,1,3,,1114,,,211004,1,SN16,SN655,277,277,870,870,,
50,1,3,,1115,1,1115,,,,,,,,,,
51,1,3,,1115,,,211004,1,SN655,SN16,888,888,1447,1447,,
50,1,3,,1116,1,1116,,,,,,,,,,
51,1,3,,1116,,,221902,1,SN16,SN677,253,253,789,789,,
50,1,3,,1117,1,1117,,,,,,,,,,
51,1,3,,1117,,,221902,1,SN677,SN16,803,803,1354,1354,,
50,1,3,,1118,1,1118,,,,,,,,,,
51,1,3,,1118,,,220902,1,SN16,SN2017,301,301,899,899,,
50,1,3,,1119,1,1119,,,,,,,,,,
51,1,3,,1119,,,220902,1,SN2017,SN16,909,909,1258,1258,,
50,1,3,,1120,1,1120,,,,,,,,,,
51,1,3,,1120,,,211509,1,SN16,SN5283,365,365,829,829,,
50,1,3,,1121,1,1121,,,,,,,,,,
51,1,3,,1121,,,211106,1,SN16,SN4229,323,323,775,775,,
50,1,3,,1122,1,1122,,,,,,,,,,
51,1,3,,1122,,,211106,1,SN4229,SN5943,790,790,1207,1207,,
50,1,3,,1123,1,1123,,,,,,,,,,
51,1,3,,1123,,,220306,1,SN1571,SN5943,751,751,1127,1127,,
50,1,3,,1124,1,1124,,,,,,,,,,
51,1,3,,1124,,,220306,1,SN5943,SN16,1141,1141,1568,1568,,
50,1,3,,1125,1,1125,,,,,,,,,,
51,1,3,,1125,,,220603,1,SN6479,SN16,809,809,1335,1335,,
50,1,3,,1126,1,1126,,,,,,,,,,
51,1,3,,1126,,,220603,1,SN16,SN6479,203,203,787,787,,
50,1,3,,1127,1,1127,,,,,,,,,,
51,1,3,,1127,,,210601,1,SN5475,SN20015,558,558,1166,1166,,
50,1,3,,1128,1,1128,,,,,,,,,,
51,1,3,,1128,,,221804,1,SN3872,SN16,932,932,1444,1444,,
50,1,3,SIMM FX,1129,1,1129,,,,,,,,,,
51,1,3,SIMM FX,1129,,,221804,1,SN16,SN3872,321,321,919,919,,
50,1,3,,1130,1,1130,,,,,,,,,,
51,1,3,,1130,,,220620,1,SN16,SN16,470,470,1103,1103,,
50,1,3,,1131,1,1131,,,,,,,,,,
51,1,3,,1131,,,220611,1,SN16,SN6479,336,336,968,968,,
50,1,3,,1132,1,1132,,,,,,,,,,
51,1,3,,1132,,,220619,1,SN2182,SN16,715,715,1159,1159,,
50,1,3,,1133,1,1133,,,,,,,,,,
51,1,3,,1133,,,221905,1,SN16,SN5441,357,357,850,850,,
50,1,3,,1134,1,1134,,,,,,,,,,
51,1,3,,1134,,,221905,1,SN5441,SN16,860,860,1202,1202,,
50,1,3,,1135,1,1135,,,,,,,,,,
51,1,3,,1135,,,220903,1,SN16,SN5885,344,344,787,787,,
50,1,3,,1136,1,1136,,,,,,,,,,
51,1,3,,1136,,,211506,1,SN16,SN677,309,309,868,868,,
50,1,3,,1137,1,1137,,,,,,,,,,
51,1,3,,1137,,,211010,1,SN655,SN16,1031,1031,1395,1395,,
50,1,3,,1138,1,1138,,,,,,,,,,
51,1,3,,1138,,,210109,1,SN16,SN677,301,301,784,784,,
50,1,3,,1139,1,1139,,,,,,,,,,
51,1,3,,1139,,,210109,1,SN677,SN5441,794,794,1270,1270,,
50,1,3,,1140,1,1140,,,,,,,,,,
51,1,3,,1140,,,212106,1,SN6542,SN16,870,870,1227,1227,,
50,1,3,,1141,1,1141,,,,,,,,,,
51,1,3,,1141,,,220307,1,SN16,SN1571,292,292,758,758,,
50,1,3,,1142,1,1142,,,,,,,,,,
51,1,3,,1142,,,220307,1,SN1571,SN16,771,771,1398,1398,,
50,1,3,,1143,1,1143,,,,,,,,,,
51,1,3,,1143,,,220602,1,SN6479,SN16,1151,1151,1527,1527,,
50,1,3,,1144,1,1144,,,,,,,,,,
51,1,3,,1144,,,220602,1,SN16,SN6479,143,143,703,703,,
50,1,3,,1145,1,1145,,,,,,,,,,
51,1,3,,1145,,,220602,1,SN6479,SN6479,730,730,1138,1138,,
50,1,3,,1146,1,1146,,,,,,,,,,
51,1,3,,1146,,,221504,1,SN16,SN3419,375,375,902,902,,
50,1,3,,1147,1,1147,,,,,,,,,,
51,1,3,,1147,,,221504,1,SN3419,SN16,905,905,1333,1333,,
50,1,3,,1148,1,1148,,,,,,,,,,
51,1,3,,1148,,,220611,1,SN6479,SN16,989,989,1557,1557,,
50,1,3,,1149,1,1149,,,,,,,,,,
51,1,3,,1149,,,220803,1,SN16,SN6144,296,296,760,760,,
50,1,3,SIMM FX,1150,1,1150,,,,,,,,,,
51,1,3,SIMM FX,1150,,,221805,1,SN16,SN3872,332,332,859,859,,
50,1,3,,1151,1,1151,,,,,,,,,,
51,1,3,,1151,,,211510,1,SN5283,SN16,926,926,1384,1384,,
50,1,3,,1152,1,1152,,,,,,,,,,
51,1,3,,1152,,,290105,1,SN16,SN16,812,812,1413,1413,,
50,1,3,,1153,1,1153,,,,,,,,,,
51,1,3,,1153,,,221904,1,SN16,SN5441,301,301,790,790,,
50,1,3,,1154,1,1154,,,,,,,,,,
51,1,3,,1154,,,221904,1,SN677,SN16,1150,1150,1537,1537,,
50,1,3,,1155,1,1155,,,,,,,,,,
51,1,3,,1155,,,221904,1,SN5441,SN677,802,802,1130,1130,,
50,1,3,,1156,1,1156,,,,,,,,,,
51,1,3,,1156,,,211507,1,SN5283,SN677,809,809,1254,1254,,
50,1,3,,1157,1,1157,,,,,,,,,,
51,1,3,,1157,,,211507,1,SN677,SN16,1275,1275,1609,1609,,
50,1,3,,1158,1,1158,,,,,,,,,,
51,1,3,,1158,,,211507,1,SN16,SN5283,327,327,787,787,,
50,1,3,,1159,1,1159,,,,,,,,,,
51,1,3,,1159,,,210108,1,SN16,SN16,735,735,1296,1296,,
50,1,3,,1160,1,1160,,,,,,,,,,
51,1,3,,1160,,,212105,1,SN16,SN6542,340,340,741,741,,
50,1,3,,1161,1,1161,,,,,,,,,,
51,1,3,,1161,,,212105,1,SN6542,SN16,752,752,1167,1167,,
50,1,3,,1162,1,1162,,,,,,,,,,
51,1,3,,1162,,,211104,1,SN3274,SN16,786,786,1181,1181,,
50,1,3,,1163,1,1163,,,,,,,,,,
51,1,3,,1163,,,221003,1,SN16,SN2770,212,212,661,661,,
50,1,3,,1164,1,1164,,,,,,,,,,
51,1,3,,1164,,,220605,1,SN16,SN3692,236,236,833,833,,
50,1,3,,1165,1,1165,,,,,,,,,,
51,1,3,,1165,,,220605,1,SN3692,SN16,847,847,1375,1375,,
50,1,3,,1166,1,1166,,,,,,,,,,
51,1,3,,1166,,,212002,1,SN16,SN6542,249,249,771,771,,
50,1,3,,1167,1,1167,,,,,,,,,,
51,1,3,,1167,,,212002,1,SN6542,SN16,1050,1050,1552,1552,,
50,1,3,,1168,1,1168,,,,,,,,,,
51,1,3,,1168,,,220802,1,SN6144,SN16,917,917,1508,1508,,
50,1,3,,1169,1,1169,,,,,,,,,,
51,1,3,,1169,,,220802,1,SN16,SN6144,264,264,898,898,,
50,1,3,,1170,1,1170,,,,,,,,,,
51,1,3,,1170,,,211009,1,SN655,SN16,829,829,1169,1169,,
50,1,3,,1171,1,1171,,,,,,,,,,
51,1,3,,1171,,,290104,1,SN16,SN7125,432,432,1005,1005,,
50,1,3,,1172,1,1172,,,,,,,,,,
51,1,3,,1172,,,290104,1,SN7125,SN16,1025,1025,1429,1429,,
50,1,3,,1173,1,1173,,,,,,,,,,
51,1,3,,1173,,,220901,1,SN6549,SN16,902,902,1265,1265,,
50,1,3,,1174,1,1174,,,,,,,,,,
51,1,3,,1174,,,220901,1,SN16,SN6549,309,309,892,892,,
50,1,3,,1175,1,1175,,,,,,,,,,
51,1,3,,1175,,,221003,1,SN2770,SN2770,680,680,1084,1084,,
50,1,3,,1176,1,1176,,,,,,,,,,
51,1,3,,1176,,,212104,1,SN6542,SN16,810,810,1167,1167,,
50,1,3,,1177,1,1177,,,,,,,,,,
51,1,3,,1177,,,212104,1,SN16,SN6542,322,322,801,801,,
50,1,3,,1178,1,1178,,,,,,,,,,
51,1,3,,1178,,,220301,1,SN16,SN6775,212,212,853,853,,
50,1,3,,1179,1,1179,,,,,,,,,,
51,1,3,,1179,,,212003,1,SN6542,SN16,662,662,1206,1206,,
50,1,3,,1180,1,1180,,,,,,,,,,
51,1,3,,1180,,,221401,1,SN16,SN3419,371,371,882,882,,
50,1,3,,1181,1,1181,,,,,,,,,,
51,1,3,,1181,,,221401,1,SN3419,SN16,885,885,1495,1495,,
50,1,3,,1182,1,1182,,,,,,,,,,
51,1,3,,1182,,,210604,1,SN16,SN5475,257,257,662,662,,
50,1,3,,1183,1,1183,,,,,,,,,,
51,1,3,,1183,,,220801,1,SN16,SN3419,264,264,703,703,,
50,1,3,,1184,1,1184,,,,,,,,,,
51,1,3,,1184,,,220801,1,SN3419,SN16,713,713,1109,1109,,
50,1,3,,1185,1,1185,,,,,,,,,,
51,1,3,,1185,,,211008,1,SN16,SN655,366,366,757,757,,
50,1,3,,1186,1,1186,,,,,,,,,,
51,1,3,,1186,,,211008,1,SN655,SN16,1193,1193,1641,1641,,
50,1,3,,1187,1,1187,,,,,,,,,,
51,1,3,,1187,,,210501,1,SN5475,SN16,1152,1152,1558,1558,,
50,1,3,,1188,1,1188,,,,,,,,,,
51,1,3,,1188,,,210501,1,SN16,SN5475,191,191,782,782,,
50,1,3,,1189,1,1189,,,,,,,,,,
51,1,3,,1189,,,210501,1,SN5475,SN5475,795,795,1141,1141,,
50,1,3,,1190,1,1190,,,,,,,,,,
51,1,3,,1190,,,221003,1,SN2770,SN16,1095,1095,1543,1543,,
50,1,3,,1191,1,1191,,,,,,,,,,
51,1,3,,1191,,,211505,1,SN16,SN677,295,295,749,749,,
50,1,3,,1192,1,1192,,,,,,,,,,
51,1,3,,1192,,,220610,1,SN3692,SN16,967,967,1394,1394,,
50,1,3,,1193,1,1193,,,,,,,,,,
51,1,3,,1193,,,220701,1,SN16,SN2017,331,331,779,779,,
50,1,3,,1194,1,1194,,,,,,,,,,
51,1,3,,1194,,,220701,1,SN2017,SN16,789,789,1164,1164,,
50,1,3,,1195,1,1195,,,,,,,,,,
51,1,3,,1195,,,220302,1,SN16,SN5943,221,221,781,781,,
50,1,3,,1196,1,1196,,,,,,,,,,
51,1,3,,1196,,,220302,1,SN5943,SN1571,800,800,1177,1177,,
50,1,3,,1197,1,1197,,,,,,,,,,
51,1,3,,1197,,,220607,1,SN3692,SN16,887,887,1501,1501,,
50,1,3,,1198,1,1198,,,,,,,,,,
51,1,3,,1198,,,221501,1,SN3419,SN20015,316,316,929,929,,
50,1,3,,1199,1,1199,,,,,,,,,,
51,1,3,,1199,,,221501,1,SN6214,SN16,941,941,1553,1553,,
50,1,3,,1200,1,1200,,,,,,,,,,
51,1,3,,1200,,,210605,1,SN3419,SN16,769,769,1122,1122,,
50,1,3,,1201,1,1201,,,,,,,,,,
51,1,3,,1201,,,210605,1,SN16,SN3419,301,301,766,766,,
50,1,3,,1202,1,1202,,,,,,,,,,
51,1,3,,1202,,,211310,1,SN6228,SN16,756,756,1388,1388,,
50,1,3,,1203,1,1203,,,,,,,,,,
51,1,3,,1203,,,211001,1,SN16,SN6775,73,73,714,714,,
50,1,3,,1204,1,1204,,,,,,,,,,
51,1,3,,1204,,,220610,1,SN16,SN3692,326,326,953,953,,
50,1,3,,1205,1,1205,,,,,,,,,,
51,1,3,,1205,,,221011,1,SN16,SN1496,805,805,1288,1288,,
50,1,3,,1206,1,1206,,,,,,,,,,
51,1,3,,1206,,,210104,1,SN16,SN5441,266,266,880,880,,
50,1,3,,1207,1,1207,,,,,,,,,,
51,1,3,,1207,,,210104,1,SN5441,SN16,1171,1171,1586,1586,,
50,1,3,,1208,1,1208,,,,,,,,,,
51,1,3,,1208,,,220609,1,SN3692,SN16,1144,1144,1606,1606,,
50,1,3,,1209,1,1209,,,,,,,,,,
51,1,3,,1209,,,220609,1,SN16,SN3692,297,297,695,695,,
50,1,3,,1210,1,1210,,,,,,,,,,
51,1,3,,1210,,,211001,1,SN3274,SN16,728,728,1129,1129,,
50,1,3,,1211,1,1211,,,,,,,,,,
51,1,3,,1211,,,220609,1,SN3692,SN3692,708,708,1127,1127,,
50,1,3,,1212,1,1212,,,,,,,,,,
51,1,3,,1212,,,211502,1,SN677,SN16,1125,1125,1469,1469,,
50,1,3,,1213,1,1213,,,,,,,,,,
51,1,3,,1213,,,220702,1,SN16,SN6549,324,324,772,772,,
50,1,3,,1214,1,1214,,,,,,,,,,
51,1,3,,1214,,,220303,1,SN1571,SN6775,838,838,1282,1282,,
50,1,3,,1215,1,1215,,,,,,,,,,
51,1,3,,1215,,,220303,1,SN16,SN1571,235,235,813,813,,
50,1,3,,1216,1,1216,,,,,,,,,,
51,1,3,,1216,,,220606,1,SN6479,SN16,909,909,1432,1432,,
50,1,3,,1217,1,1217,,,,,,,,,,
51,1,3,,1217,,,212001,1,SN6542,SN16,692,692,1233,1233,,
50,1,3,,1218,1,1218,,,,,,,,,,
51,1,3,,1218,,,210107,1,SN677,SN16,764,764,1206,1206,,
50,1,3,,1219,1,1219,,,,,,,,,,
51,1,3,,1219,,,210107,1,SN16,SN677,345,345,754,754,,
50,1,3,,1220,1,1220,,,,,,,,,,
51,1,3,,1220,,,220612,1,SN2182,SN16,795,795,1145,1145,,
50,1,3,,1221,1,1221,,,,,,,,,,
51,1,3,,1221,,,210503,1,SN3419,SN5474,531,531,1119,1119,,
50,1,3,,1222,1,1222,,,,,,,,,,
51,1,3,,1222,,,210503,1,SN5474,SN16,1130,1130,1606,1606,,
50,1,3,,1223,1,1223,,,,,,,,,,
51,1,3,,1223,,,220608,1,SN16,SN6479,283,283,908,908,,
50,1,3,,1224,1,1224,,,,,,,,,,
51,1,3,,1224,,,220608,1,SN6479,SN16,929,929,1489,1489,,
50,1,3,,1225,1,1225,,,,,,,,,,
51,1,3,,1225,,,211503,1,SN16,SN677,245,245,769,769,,
50,1,3,,1226,1,1226,,,,,,,,,,
51,1,3,,1226,,,221503,1,SN16,SN20015,361,361,901,901,,
50,1,3,,1227,1,1227,,,,,,,,,,
51,1,3,,1227,,,221503,1,SN6214,SN5474,921,921,1293,1293,,
50,1,3,,1228,1,1228,,,,,,,,,,
51,1,3,,1228,,,211301,1,SN655,SN16,711,711,1148,1148,,
50,1,3,,1229,1,1229,,,,,,,,,,
51,1,3,,1229,,,211301,1,SN16,SN655,137,137,697,697,,
50,1,3,,1230,1,1230,,,,,,,,,,
51,1,3,,1230,,,210106,1,SN677,SN5441,823,823,1300,1300,,
50,1,3,,1231,1,1231,,,,,,,,,,
51,1,3,,1231,,,210106,1,SN16,SN677,328,328,814,814,,
50,1,3,,1232,1,1232,,,,,,,,,,
51,1,3,,1232,,,220613,1,SN503,SN16,822,822,1179,1179,,
50,1,3,,1233,1,1233,,,,,,,,,,
51,1,3,,1233,,,211304,1,SN6228,SN16,1041,1041,1505,1505,,
50,1,3,,1234,1,1234,,,,,,,,,,
51,1,3,,1234,,,220613,1,SN16,SN503,370,370,804,804,,
50,1,3,,1235,1,1235,,,,,,,,,,
51,1,3,,1235,,,210502,1,SN6216,SN16,1018,1018,1541,1541,,
50,1,3,,1236,1,1236,,,,,,,,,,
51,1,3,,1236,,,221001,1,SN16,SN1496,104,104,700,700,,
50,1,3,,1237,1,1237,,,,,,,,,,
51,1,3,,1237,,,211003,1,SN16,SN6377,231,231,682,682,,
50,1,3,,1238,1,1238,,,,,,,,,,
51,1,3,,1238,,,211003,1,SN6377,SN16,694,694,1132,1132,,
50,1,3,,1239,1,1239,,,,,,,,,,
51,1,3,,1239,,,222004,1,SN16,SN6970,325,325,956,956,,
50,1,3,,1240,1,1240,,,,,,,,,,
51,1,3,,1240,,,222004,1,SN6970,SN16,970,970,1473,1473,,
50,1,3,,1241,1,1241,,,,,,,,,,
51,1,3,,1241,,,221502,1,SN16,SN20015,249,249,843,843,,
50,1,3,,1242,1,1242,,,,,,,,,,
51,1,3,,1242,,,211302,1,SN5474,SN20015,332,332,881,881,,
50,1,3,,1243,1,1243,,,,,,,,,,
51,1,3,,1243,,,210103,1,SN16,SN677,273,273,724,724,,
50,1,3,,1244,1,1244,,,,,,,,,,
51,1,3,,1244,,,290103,1,SN16,SN7125,374,374,747,747,,
50,1,3,,1245,1,1245,,,,,,,,,,
51,1,3,,1245,,,290103,1,SN7125,SN16,758,758,1172,1172,,
50,1,3,,1246,1,1246,,,,,,,,,,
51,1,3,,1246,,,210101,1,SN3970,SN16,595,595,1187,1187,,
50,1,3,,1247,1,1247,,,,,,,,,,
51,1,3,,1247,,,210101,1,SN16,SN3970,222,222,582,582,,
50,1,3,,1248,1,1248,,,,,,,,,,
51,1,3,,1248,,,210103,1,SN677,SN16,1032,1032,1643,1643,,
50,1,3,,1249,1,1249,,,,,,,,,,
51,1,3,,1249,,,220616,1,SN2182,SN16,679,679,1122,1122,,
50,1,3,,1250,1,1250,,,,,,,,,,
51,1,3,,1250,,,210505,1,SN6216,SN16,1138,1138,1611,1611,,
50,1,3,,1251,1,1251,,,,,,,,,,
51,1,3,,1251,,,210505,1,SN6214,SN20015,765,765,1127,1127,,
50,1,3,,1252,1,1252,,,,,,,,,,
51,1,3,,1252,,,210202,1,SN16,SN3970,255,255,823,823,,
50,1,3,,1253,1,1253,,,,,,,,,,
51,1,3,,1253,,,210202,1,SN3970,SN16,834,834,1219,1219,,
50,1,3,,1254,1,1254,,,,,,,,,,
51,1,3,,1254,,,222001,1,SN7125,SN16,878,878,1454,1454,,
50,1,3,,1255,1,1255,,,,,,,,,,
51,1,3,,1255,,,211501,1,SN5441,SN16,831,831,1375,1375,,
50,1,3,,1256,1,1256,,,,,,,,,,
51,1,3,,1256,,,222001,1,SN16,SN7125,261,261,868,868,,
50,1,3,,1257,1,1257,,,,,,,,,,
51,1,3,,1257,,,220313,1,SN1571,SN16,897,897,1495,1495,,
50,1,3,,1258,1,1258,,,,,,,,,,
51,1,3,,1258,,,210102,1,SN16,SN5441,242,242,640,640,,
50,1,3,,1259,1,1259,,,,,,,,,,
51,1,3,,1259,,,210102,1,SN5441,SN16,946,946,1542,1542,,
50,1,3,,1260,1,1260,,,,,,,,,,
51,1,3,,1260,,,212103,1,SN6542,SN16,989,989,1567,1567,,
50,1,3,,1261,1,1261,,,,,,,,,,
51,1,3,,1261,,,290401,1,SN16,SN3419,248,248,863,863,,
50,1,3,,1262,1,1262,,,,,,,,,,
51,1,3,,1262,,,211501,1,SN16,SN5441,152,152,821,821,,
50,1,3,,1263,1,1263,,,,,,,,,,
51,1,3,,1263,,,290401,1,SN3419,SN16,865,865,1389,1389,,
50,1,3,,1264,1,1264,,,,,,,,,,
51,1,3,,1264,,,210506,1,SN16,SN5474,355,355,881,881,,
50,1,3,,1265,1,1265,,,,,,,,,,
51,1,3,,1265,,,210506,1,SN5474,SN16,891,891,1406,1406,,
50,1,3,,1266,1,1266,,,,,,,,,,
51,1,3,,1266,,,221005,1,SN2770,SN16,753,753,1158,1158,,
50,1,3,,1267,1,1267,,,,,,,,,,
51,1,3,,1267,,,221005,1,SN16,SN2770,264,264,741,741,,
50,1,3,,1268,1,1268,,,,,,,,,,
51,1,3,,1268,,,210606,1,SN16,SN20015,358,358,869,869,,
50,1,3,,1420,2,1420,,,,,,,,,,
51,1,3,,1420,,,212003,1,SN16,SN6542,303,303,651,651,,
51,1,3,,1420,,,212002,2,SN6542,SN6542,780,780,1041,1041,,
50,1,3,,1423,2,1423,,,,,,,,,,
51,1,3,,1423,,,210104,1,SN5441,SN5441,890,890,1161,1161,,
51,1,3,,1423,,,210106,2,SN1618,SN16,1314,1314,1599,1599,,
50,1,3,,2501,1,2501,,,,,,,,,,
51,1,3,,2501,,,220203,1,SN19,SN5730,130,130,616,616,,
50,1,3,,2502,1,2502,,,,,,,,,,
51,1,3,,2502,,,210903,1,SN19,SN6552,177,177,681,681,,
50,1,3,,2503,1,2503,,,,,,,,,,
51,1,3,,2503,,,210319,1,SN19,SN7103,205,205,737,737,,
50,1,3,,2504,1,2504,,,,,,,,,,
51,1,3,,2504,,,210904,1,SN19,SN6552,207,207,834,834,,
50,1,3,,2505,1,2505,,,,,,,,,,
51,1,3,,2505,,,250403,1,SN19,SN6480,237,237,704,704,,
50,1,3,,2506,1,2506,,,,,,,,,,
51,1,3,,2506,,,222101,1,SN19,SN7063,251,251,815,815,,
50,1,3,,2507,1,2507,,,,,,,,,,
51,1,3,,2507,,,210403,1,SN19,SN6552,256,256,712,712,,
50,1,3,,2508,1,2508,,,,,,,,,,
51,1,3,,2508,,,221201,1,SN19,SN6544,253,253,654,654,,
50,1,3,,2509,1,2509,,,,,,,,,,
51,1,3,,2509,,,221202,1,SN19,SN6544,265,265,803,803,,
50,1,3,,2510,1,2510,,,,,,,,,,
51,1,3,,2510,,,210402,1,SN19,SN6552,270,270,706,706,,
50,1,3,,2511,1,2511,,,,,,,,,,
51,1,3,,2511,,,221703,1,SN19,SN6552,267,267,863,863,,
50,1,3,,2512,1,2512,,,,,,,,,,
51,1,3,,2512,,,250307,1,SN19,SN20016,273,273,768,768,,
50,1,3,,2513,1,2513,,,,,,,,,,
51,1,3,,2513,,,220106,1,SN19,SN5745,303,303,937,937,,
50,1,3,,2514,1,2514,,,,,,,,,,
51,1,3,,2514,,,250311,1,SN19,SN20016,360,360,965,965,,
50,1,3,,2515,1,2515,,,,,,,,,,
51,1,3,,2515,,,250312,1,SN19,SN20016,390,390,995,995,,
50,1,3,,2516,2,2516,,,,,,,,,,
51,1,3,,2516,,,211906,1,SN19,SN6240,440,440,605,605,,
51,1,3,,2516,,,211903,2,SN6240,SN19,716,716,1173,1173,,
50,1,3,,2517,1,2517,,,,,,,,,,
51,1,3,,2517,,,210320,1,SN19,SN7103,592,592,1016,1016,,
50,1,3,,2518,1,2518,,,,,,,,,,
51,1,3,,2518,,,250301,1,SN6226,SN20016,625,625,1025,1025,,
50,1,3,,2519,1,2519,,,,,,,,,,
51,1,3,,2519,,,221201,1,SN6544,SN19,669,669,1199,1199,,
50,1,3,,2520,1,2520,,,,,,,,,,
51,1,3,,2520,,,220209,1,SN5730,SN19,689,689,1191,1191,,
50,1,3,,2521,1,2521,,,,,,,,,,
51,1,3,,2521,,,220114,1,SN19,SN19,699,699,1186,1186,,
50,1,3,,2522,1,2522,,,,,,,,,,
51,1,3,,2522,,,250304,1,SN6226,SN19,711,711,1250,1250,,
50,1,3,,2523,1,2523,,,,,,,,,,
51,1,3,,2523,,,250414,1,SN19,SN19,707,707,1143,1143,,
50,1,3,,2525,1,2525,,,,,,,,,,
51,1,3,,2525,,,221701,1,SN6040,SN19,778,778,1375,1375,,
50,1,3,,2526,1,2526,,,,,,,,,,
51,1,3,,2526,,,210801,1,SN6043,SN19,822,822,1368,1368,,
50,1,3,,2527,1,2527,,,,,,,,,,
51,1,3,,2527,,,220207,1,SN5730,SN19,838,838,1406,1406,,
50,1,3,,2528,1,2528,,,,,,,,,,
51,1,3,,2528,,,222105,1,SN7063,SN19,899,899,1560,1560,,
50,1,3,,2529,1,2529,,,,,,,,,,
51,1,3,,2529,,,250406,1,SN6480,SN19,901,901,1468,1468,,
50,1,3,,2530,1,2530,,,,,,,,,,
51,1,3,,2530,,,221204,1,SN6544,SN19,905,905,1406,1406,,
50,1,3,,2531,1,2531,,,,,,,,,,
51,1,3,,2531,,,210802,1,SN6043,SN19,924,924,1474,1474,,
50,1,3,,2532,1,2532,,,,,,,,,,
51,1,3,,2532,,,250311,1,SN6226,SN19,981,981,1551,1551,,
50,1,3,,2533,1,2533,,,,,,,,,,
51,1,3,,2533,,,250306,1,SN6226,SN19,1102,1102,1641,1641,,
50,1,3,,2534,1,2534,,,,,,,,,,
51,1,3,,2534,,,220103,1,SN5745,SN6689,771,771,1350,1350,,
50,1,3,,2535,1,2535,,,,,,,,,,
51,1,3,,2535,,,220204,1,SN5730,SN19,1079,1079,1586,1586,,
50,1,3,,2536,1,2536,,,,,,,,,,
51,1,3,,2536,,,210803,1,SN19,SN6158,307,307,929,929,,
50,1,3,,2537,1,2537,,,,,,,,,,
51,1,3,,2537,,,210803,1,SN6158,SN19,941,941,1547,1547,,
50,1,3,,2538,1,2538,,,,,,,,,,
51,1,3,,2538,,,250302,1,SN1136,SN19,801,801,1425,1425,,
50,1,3,,2540,1,2540,,,,,,,,,,
51,1,3,,2540,,,211901,1,SN6240,SN19,687,687,1206,1206,,
50,1,3,,2541,1,2541,,,,,,,,,,
51,1,3,,2541,,,211901,1,SN19,SN6240,241,241,664,664,,
50,1,3,,2542,1,2542,,,,,,,,,,
51,1,3,,2542,,,220207,1,SN19,SN5730,285,285,822,822,,
50,1,3,,2543,1,2543,,,,,,,,,,
51,1,3,,2543,,,250301,1,SN19,SN20016,83,83,602,602,,
50,1,3,,2544,1,2544,,,,,,,,,,
51,1,3,,2544,,,250301,1,SN6226,SN19,1041,1041,1490,1490,,
50,1,3,,2545,1,2545,,,,,,,,,,
51,1,3,,2545,,,210308,1,SN7103,SN19,675,675,1233,1233,,
50,1,3,,2546,2,2546,,,,,,,,,,
51,1,3,,2546,,,210308,1,SN19,SN7103,345,345,656,656,,
51,1,3,,2546,,,210321,2,SN19,SN7103,742,742,936,936,,
50,1,3,,2547,2,2547,,,,,,,,,,
51,1,3,,2547,,,220209,1,SN19,SN5730,313,313,676,676,,
51,1,3,,2547,,,220202,2,SN5730,SN5730,793,793,987,987,,
50,1,3,,2548,1,2548,,,,,,,,,,
51,1,3,,2548,,,250302,1,SN19,SN1136,140,140,787,787,,
50,1,3,,2550,1,2550,,,,,,,,,,
51,1,3,,2550,,,220102,1,SN1862,SN6480,446,446,932,932,,
50,1,3,,2551,1,2551,,,,,,,,,,
51,1,3,,2551,,,220102,1,SN6480,SN19,946,946,1525,1525,,
50,1,3,,2552,1,2552,,,,,,,,,,
51,1,3,,2552,,,210802,1,SN19,SN6552,257,257,908,908,,
50,1,3,,2553,1,2553,,,,,,,,,,
51,1,3,,2553,,,210402,1,SN6040,SN19,720,720,1319,1319,,
50,1,3,,2554,1,2554,,,,,,,,,,
51,1,3,,2554,,,210905,1,SN6158,SN19,911,911,1538,1538,,
50,1,3,,2555,1,2555,,,,,,,,,,
51,1,3,,2555,,,210905,1,SN19,SN6158,237,237,899,899,,
50,1,3,,2556,1,2556,,,,,,,,,,
51,1,3,,2556,,,211706,1,SN19,SN6552,391,391,915,915,,
50,1,3,,2557,2,2557,,,,,,,,,,
51,1,3,,2557,,,211706,1,SN6029,SN19,928,928,1117,1117,,
51,1,3,,2557,,,211707,2,SN19,SN19,1186,1186,1547,1547,,
50,1,3,,2558,2,2558,,,,,,,,,,
51,1,3,,2558,,,210309,1,SN19,SN7103,379,379,556,556,,
51,1,3,,2558,,,210303,2,SN7103,SN19,713,713,1121,1121,,
50,1,3,,2559,1,2559,,,,,,,,,,
51,1,3,,2559,,,210309,1,SN7103,SN19,567,567,1176,1176,,
50,1,3,,2560,1,2560,,,,,,,,,,
51,1,3,,2560,,,221705,1,SN19,SN6552,355,355,1005,1005,,
50,1,3,,2561,1,2561,,,,,,,,,,
51,1,3,,2561,,,221701,1,SN19,SN6552,230,230,763,763,,
50,1,3,,2562,1,2562,,,,,,,,,,
51,1,3,,2562,,,220101,1,SN19,SN6689,44,44,698,698,,
50,1,3,,2563,1,2563,,,,,,,,,,
51,1,3,,2563,,,220101,1,SN6689,SN19,712,712,1378,1378,,
50,1,3,,2564,1,2564,,,,,,,,,,
51,1,3,,2564,,,210311,1,SN19,SN19,592,592,1143,1143,,
50,1,3,,2565,1,2565,,,,,,,,,,
51,1,3,,2565,,,250401,1,SN1862,SN19,773,773,1373,1373,,
50,1,3,,2566,1,2566,,,,,,,,,,
51,1,3,,2566,,,210901,1,SN297,SN19,773,773,1391,1391,,
50,1,3,,2568,1,2568,,,,,,,,,,
51,1,3,,2568,,,250401,1,SN6480,SN1862,167,167,756,756,,
50,1,3,,2569,2,2569,,,,,,,,,,
51,1,3,,2569,,,221705,1,SN6029,SN19,1018,1018,1201,1201,,
51,1,3,,2569,,,221703,2,SN6029,SN19,1318,1318,1577,1577,,
50,1,3,,2570,2,2570,,,,,,,,,,
51,1,3,,2570,,,210906,1,SN6043,SN19,909,909,1178,1178,,
51,1,3,,2570,,,210904,2,SN6043,SN19,1274,1274,1579,1579,,
50,1,3,,2571,1,2571,,,,,,,,,,
51,1,3,,2571,,,210906,1,SN19,SN6552,270,270,894,894,,
50,1,3,,2572,1,2572,,,,,,,,,,
51,1,3,,2572,,,211701,1,SN19,SN6552,241,241,922,922,,
50,1,3,,2573,1,2573,,,,,,,,,,
51,1,3,,2573,,,211701,1,SN6043,SN19,938,938,1464,1464,,
50,1,3,,2574,1,2574,,,,,,,,,,
51,1,3,,2574,,,221208,1,SN19,SN6544,237,237,744,744,,
50,1,3,,2575,1,2575,,,,,,,,,,
51,1,3,,2575,,,221208,1,SN6544,SN19,755,755,1181,1181,,
50,1,3,,2576,1,2576,,,,,,,,,,
51,1,3,,2576,,,250310,1,SN6226,SN19,861,861,1370,1370,,
50,1,3,,2577,1,2577,,,,,,,,,,
51,1,3,,2577,,,250310,1,SN19,SN20016,329,329,845,845,,
50,1,3,,2578,1,2578,,,,,,,,,,
51,1,3,,2578,,,210908,1,SN19,SN6552,323,323,879,879,,
50,1,3,,2580,1,2580,,,,,,,,,,
51,1,3,,2580,,,210804,1,SN6158,SN19,881,881,1535,1535,,
50,1,3,,2581,1,2581,,,,,,,,,,
51,1,3,,2581,,,210804,1,SN19,SN6158,335,335,869,869,,
50,1,3,,2582,1,2582,,,,,,,,,,
51,1,3,,2582,,,210907,1,SN6043,SN19,807,807,1370,1370,,
50,1,3,,2583,1,2583,,,,,,,,,,
51,1,3,,2583,,,210907,1,SN19,SN6552,267,267,788,788,,
50,1,3,,2584,1,2584,,,,,,,,,,
51,1,3,,2584,,,211906,1,SN6240,SN19,627,627,1151,1151,,
50,1,3,,2585,1,2585,,,,,,,,,,
51,1,3,,2585,,,250313,1,SN19,SN1136,395,395,1027,1027,,
50,1,3,,2586,1,2586,,,,,,,,,,
51,1,3,,2586,,,250313,1,SN1136,SN19,1041,1041,1605,1605,,
50,1,3,,2587,1,2587,,,,,,,,,,
51,1,3,,2587,,,210901,1,SN19,SN297,117,117,762,762,,
50,1,3,,2588,2,2588,,,,,,,,,,
51,1,3,,2588,,,210909,1,SN19,SN6552,368,368,576,576,,
51,1,3,,2588,,,210911,2,SN19,SN19,711,711,1085,1085,,
50,1,3,,2589,1,2589,,,,,,,,,,
51,1,3,,2589,,,210909,1,SN6043,SN19,588,588,1226,1226,,
50,1,3,,2590,1,2590,,,,,,,,,,
51,1,3,,2590,,,220107,1,SN6689,SN19,862,862,1411,1411,,
50,1,3,,2591,1,2591,,,,,,,,,,
51,1,3,,2591,,,220107,1,SN19,SN6689,283,283,848,848,,
50,1,3,,2592,1,2592,,,,,,,,,,
51,1,3,,2592,,,210313,1,SN19,SN7103,665,665,1272,1272,,
50,1,3,,2593,1,2593,,,,,,,,,,
51,1,3,,2593,,,250403,1,SN6480,SN6480,716,716,1301,1301,,
50,1,3,,2594,1,2594,,,,,,,,,,
51,1,3,,2594,,,210801,1,SN19,SN6552,251,251,803,803,,
50,1,3,,2595,1,2595,,,,,,,,,,
51,1,3,,2595,,,211905,1,SN19,SN6240,353,353,817,817,,
50,1,3,,2596,2,2596,,,,,,,,,,
51,1,3,,2596,,,211905,1,SN6240,SN19,832,832,1176,1176,,
51,1,3,,2596,,,211907,2,SN19,SN19,1275,1275,1431,1431,,
50,1,3,,2597,1,2597,,,,,,,,,,
51,1,3,,2597,,,250312,1,SN6226,SN19,1011,1011,1581,1581,,
50,1,3,,2598,1,2598,,,,,,,,,,
51,1,3,,2598,,,220106,1,SN5745,SN19,950,950,1506,1506,,
50,1,3,,2600,1,2600,,,,,,,,,,
51,1,3,,2600,,,210312,1,SN7103,SN19,828,828,1423,1423,,
50,1,3,,2601,1,2601,,,,,,,,,,
51,1,3,,2601,,,250402,1,SN19,SN1862,86,86,666,666,,
50,1,3,,2602,1,2602,,,,,,,,,,
51,1,3,,2602,,,250402,1,SN1862,SN1862,685,685,1083,1083,,
50,1,3,,2603,1,2603,,,,,,,,,,
51,1,3,,2603,,,250402,1,SN1862,SN19,1107,1107,1472,1472,,
50,1,3,,2604,1,2604,,,,,,,,,,
51,1,3,,2604,,,210405,1,SN297,SN19,923,923,1565,1565,,
50,1,3,,2605,1,2605,,,,,,,,,,
51,1,3,,2605,,,210405,1,SN19,SN297,331,331,911,911,,
50,1,3,,2606,1,2606,,,,,,,,,,
51,1,3,,2606,,,211904,1,SN19,SN6240,301,301,724,724,,
50,1,3,,2607,1,2607,,,,,,,,,,
51,1,3,,2607,,,220115,1,SN19,SN1819,224,224,835,835,,
50,1,3,,2608,1,2608,,,,,,,,,,
51,1,3,,2608,,,220115,1,SN1819,SN19,852,852,1414,1414,,
50,1,3,,2609,1,2609,,,,,,,,,,
51,1,3,,2609,,,220216,1,SN19,SN1078,328,328,980,980,,
50,1,3,,2610,1,2610,,,,,,,,,,
51,1,3,,2610,,,220216,1,SN1078,SN19,1001,1001,1614,1614,,
50,1,3,,2611,2,2611,,,,,,,,,,
51,1,3,,2611,,,210302,1,SN19,SN19,88,88,189,189,,
51,1,3,,2611,,,210305,2,SN19,SN19,278,278,585,585,,
50,1,3,,2613,1,2613,,,,,,,,,,
51,1,3,,2613,,,211702,1,SN19,SN6552,253,253,775,775,,
50,1,3,,2615,1,2615,,,,,,,,,,
51,1,3,,2615,,,220105,1,SN6544,SN6545,323,323,931,931,,
50,1,3,,2616,1,2616,,,,,,,,,,
51,1,3,,2616,,,220105,1,SN6545,SN19,943,943,1519,1519,,
50,1,3,,2617,1,2617,,,,,,,,,,
51,1,3,,2617,,,210315,1,SN19,SN19,1141,1141,1407,1407,,
50,1,3,,2618,1,2618,,,,,,,,,,
51,1,3,,2618,,,250405,1,SN1862,SN19,860,860,1360,1360,,
50,1,3,,2619,1,2619,,,,,,,,,,
51,1,3,,2619,,,250405,1,SN19,SN1862,265,265,846,846,,
50,1,3,,2620,1,2620,,,,,,,,,,
51,1,3,,2620,,,210404,1,SN6038,SN19,941,941,1465,1465,,
50,1,3,,2621,1,2621,,,,,,,,,,
51,1,3,,2621,,,210404,1,SN19,SN6552,276,276,927,927,,
50,1,3,,2622,1,2622,,,,,,,,,,
51,1,3,,2622,,,210303,1,SN19,SN7103,224,224,697,697,,
50,1,3,,2623,1,2623,,,,,,,,,,
51,1,3,,2623,,,221203,1,SN19,SN6544,256,256,773,773,,
50,1,3,,2624,1,2624,,,,,,,,,,
51,1,3,,2624,,,221203,1,SN6545,SN19,1003,1003,1571,1571,,
50,1,3,,2625,1,2625,,,,,,,,,,
51,1,3,,2625,,,250412,1,SN19,SN5458,362,362,947,947,,
50,1,3,,2626,1,2626,,,,,,,,,,
51,1,3,,2626,,,250412,1,SN5458,SN19,960,960,1523,1523,,
50,1,3,,2627,1,2627,,,,,,,,,,
51,1,3,,2627,,,220104,1,SN19,SN6689,148,148,818,818,,
50,1,3,,2628,1,2628,,,,,,,,,,
51,1,3,,2628,,,220104,1,SN6689,SN19,832,832,1371,1371,,
50,1,3,,2629,1,2629,,,,,,,,,,
51,1,3,,2629,,,222105,1,SN19,SN7063,302,302,875,875,,
50,1,3,,2630,2,2630,,,,,,,,,,
51,1,3,,2630,,,210314,1,SN19,SN19,702,702,1122,1122,,
51,1,3,,2630,,,210316,2,SN19,SN19,1201,1201,1349,1349,,
50,1,3,,2631,1,2631,,,,,,,,,,
51,1,3,,2631,,,250404,1,SN19,SN6480,252,252,811,811,,
50,1,3,,2632,1,2632,,,,,,,,,,
51,1,3,,2632,,,210407,1,SN6038,SN19,911,911,1496,1496,,
50,1,3,,2633,1,2633,,,,,,,,,,
51,1,3,,2633,,,210407,1,SN19,SN6552,333,333,897,897,,
50,1,3,,2634,1,2634,,,,,,,,,,
51,1,3,,2634,,,220214,1,SN19,SN19,846,846,1441,1441,,
50,1,3,,2635,1,2635,,,,,,,,,,
51,1,3,,2635,,,221202,1,SN6544,SN19,815,815,1235,1235,,
50,1,3,,2636,1,2636,,,,,,,,,,
51,1,3,,2636,,,250308,1,SN19,SN20016,309,309,830,830,,
50,1,3,,2638,1,2638,,,,,,,,,,
51,1,3,,2638,,,250413,1,SN6480,SN19,687,687,1201,1201,,
50,1,3,,2639,2,2639,,,,,,,,,,
51,1,3,,2639,,,250413,1,SN19,SN6480,478,478,674,674,,
51,1,3,,2639,,,250404,2,SN6480,SN19,826,826,1146,1146,,
50,1,3,,2640,1,2640,,,,,,,,,,
51,1,3,,2640,,,210902,1,SN6226,SN20016,667,667,1270,1270,,
50,1,3,,2641,1,2641,,,,,,,,,,
51,1,3,,2641,,,210320,1,SN7103,SN19,1027,1027,1522,1522,,
50,1,3,,2642,1,2642,,,,,,,,,,
51,1,3,,2642,,,222104,1,SN19,SN7063,287,287,755,755,,
50,1,3,,2643,1,2643,,,,,,,,,,
51,1,3,,2643,,,222104,1,SN7063,SN19,779,779,1362,1362,,
50,1,3,,2644,1,2644,,,,,,,,,,
51,1,3,,2644,,,250306,1,SN19,SN20016,276,276,662,662,,
50,1,3,,2645,1,2645,,,,,,,,,,
51,1,3,,2645,,,250306,1,SN6226,SN20016,682,682,1085,1085,,
50,1,3,,2646,1,2646,,,,,,,,,,
51,1,3,,2646,,,250407,1,SN6480,SN19,1006,1006,1560,1560,,
50,1,3,,2647,1,2647,,,,,,,,,,
51,1,3,,2647,,,250407,1,SN19,SN6480,302,302,780,780,,
50,1,3,,2648,1,2648,,,,,,,,,,
51,1,3,,2648,,,210406,1,SN6029,SN19,778,778,1423,1423,,
50,1,3,,2649,1,2649,,,,,,,,,,
51,1,3,,2649,,,220110,1,SN5745,SN19,831,831,1407,1407,,
50,1,3,,2650,1,2650,,,,,,,,,,
51,1,3,,2650,,,220110,1,SN19,SN5745,359,359,818,818,,
50,1,3,,2651,1,2651,,,,,,,,,,
51,1,3,,2651,,,220213,1,SN19,SN19,601,601,1120,1120,,
50,1,3,,2652,2,2652,,,,,,,,,,
51,1,3,,2652,,,210301,1,SN19,SN19,28,28,249,249,,
51,1,3,,2652,,,210307,2,SN19,SN19,328,328,624,624,,
50,1,3,,2653,1,2653,,,,,,,,,,
51,1,3,,2653,,,210902,1,SN19,SN20016,147,147,647,647,,
50,1,3,,2654,1,2654,,,,,,,,,,
51,1,3,,2654,,,250309,1,SN6226,SN19,741,741,1163,1163,,
50,1,3,,2655,1,2655,,,,,,,,,,
51,1,3,,2655,,,250309,1,SN19,SN20016,330,330,723,723,,
50,1,3,,2656,1,2656,,,,,,,,,,
51,1,3,,2656,,,250410,1,SN6480,SN19,841,841,1478,1478,,
50,1,3,,2657,1,2657,,,,,,,,,,
51,1,3,,2657,,,250410,1,SN19,SN6480,345,345,826,826,,
50,1,3,,2658,1,2658,,,,,,,,,,
51,1,3,,2658,,,211903,1,SN19,SN6240,269,269,694,694,,
50,1,3,,2659,1,2659,,,,,,,,,,
51,1,3,,2659,,,210321,1,SN7103,SN19,947,947,1478,1478,,
50,1,3,,2660,1,2660,,,,,,,,,,
51,1,3,,2660,,,220201,1,SN19,SN5730,70,70,556,556,,
50,1,3,,2661,1,2661,,,,,,,,,,
51,1,3,,2661,,,220201,1,SN5730,SN19,570,570,1163,1163,,
50,1,3,,2662,1,2662,,,,,,,,,,
51,1,3,,2662,,,250307,1,SN6226,SN19,786,786,1410,1410,,
50,1,3,,2663,1,2663,,,,,,,,,,
51,1,3,,2663,,,222103,1,SN19,SN7063,251,251,696,696,,
50,1,3,,2664,1,2664,,,,,,,,,,
51,1,3,,2664,,,250406,1,SN19,SN6480,306,306,886,886,,
50,1,3,,2665,1,2665,,,,,,,,,,
51,1,3,,2665,,,222103,1,SN7063,SN7074,719,719,1292,1292,,
50,1,3,,2666,1,2666,,,,,,,,,,
51,1,3,,2666,,,220111,1,SN1819,SN19,986,986,1579,1579,,
50,1,3,,2667,1,2667,,,,,,,,,,
51,1,3,,2667,,,220111,1,SN19,SN1819,314,314,973,973,,
50,1,3,,2668,1,2668,,,,,,,,,,
51,1,3,,2668,,,220212,1,SN5730,SN19,585,585,1091,1091,,
50,1,3,,2669,2,2669,,,,,,,,,,
51,1,3,,2669,,,220212,1,SN19,SN5730,386,386,571,571,,
51,1,3,,2669,,,220204,2,SN5730,SN5730,674,674,1060,1060,,
50,1,3,,2670,1,2670,,,,,,,,,,
51,1,3,,2670,,,250411,1,SN19,SN6480,363,363,962,962,,
50,1,3,,2671,2,2671,,,,,,,,,,
51,1,3,,2671,,,250411,1,SN6480,SN19,976,976,1186,1186,,
51,1,3,,2671,,,250403,2,SN6480,SN19,1316,1316,1498,1498,,
50,1,3,,2672,1,2672,,,,,,,,,,
51,1,3,,2672,,,250408,1,SN19,SN1862,315,315,696,696,,
50,1,3,,2673,1,2673,,,,,,,,,,
51,1,3,,2673,,,250408,1,SN1862,SN19,713,713,1133,1133,,
50,1,3,,2674,1,2674,,,,,,,,,,
51,1,3,,2674,,,250303,1,SN1136,SN19,861,861,1421,1421,,
50,1,3,,2675,1,2675,,,,,,,,,,
51,1,3,,2675,,,220202,1,SN5730,SN19,1004,1004,1532,1532,,
50,1,3,,2676,1,2676,,,,,,,,,,
51,1,3,,2676,,,220202,1,SN19,SN5730,100,100,777,777,,
50,1,3,,2677,1,2677,,,,,,,,,,
51,1,3,,2677,,,220109,1,SN1819,SN19,777,777,1171,1171,,
50,1,3,,2678,1,2678,,,,,,,,,,
51,1,3,,2678,,,220109,1,SN19,SN1819,314,314,760,760,,
50,1,3,,2679,1,2679,,,,,,,,,,
51,1,3,,2679,,,210319,1,SN7103,SN19,751,751,1179,1179,,
50,1,3,,2680,1,2680,,,,,,,,,,
51,1,3,,2680,,,250304,1,SN19,SN20016,229,229,692,692,,
50,1,3,,2681,1,2681,,,,,,,,,,
51,1,3,,2681,,,220112,1,SN19,SN6689,339,339,908,908,,
50,1,3,,2682,2,2682,,,,,,,,,,
51,1,3,,2682,,,220112,1,SN6689,SN19,921,921,1213,1213,,
51,1,3,,2682,,,220103,2,SN6689,SN19,1380,1380,1519,1519,,
50,1,3,,2683,1,2683,,,,,,,,,,
51,1,3,,2683,,,220211,1,SN19,SN5730,367,367,837,837,,
50,1,3,,2684,1,2684,,,,,,,,,,
51,1,3,,2684,,,220211,1,SN5730,SN5730,853,853,1407,1407,,
50,1,3,,2685,1,2685,,,,,,,,,,
51,1,3,,2685,,,220203,1,SN5730,SN19,630,630,1133,1133,,
50,1,3,,2686,1,2686,,,,,,,,,,
51,1,3,,2686,,,220108,1,SN19,SN5745,329,329,968,968,,
50,1,3,,2688,1,2688,,,,,,,,,,
51,1,3,,2688,,,222101,1,SN7063,SN19,839,839,1478,1478,,
50,1,3,,2689,1,2689,,,,,,,,,,
51,1,3,,2689,,,210318,1,SN19,SN7103,265,265,836,836,,
50,1,3,,2690,2,2690,,,,,,,,,,
51,1,3,,2690,,,210318,1,SN7103,SN19,848,848,1185,1185,,
51,1,3,,2690,,,210313,2,SN7103,SN19,1283,1283,1521,1521,,
50,1,3,,2691,1,2691,,,,,,,,,,
51,1,3,,2691,,,212201,1,SN19,SN6552,260,260,837,837,,
50,1,3,,2693,1,2693,,,,,,,,,,
51,1,3,,2693,,,210403,1,SN6042,SN19,730,730,1263,1263,,
50,1,3,,2694,1,2694,,,,,,,,,,
51,1,3,,2694,,,250303,1,SN19,SN1136,196,196,847,847,,
50,1,3,,2695,1,2695,,,,,,,,,,
51,1,3,,2695,,,220113,1,SN19,SN1819,371,371,1018,1018,,
50,1,3,,2697,1,2697,,,,,,,,,,
51,1,3,,2697,,,220113,1,SN1819,SN19,1032,1032,1596,1596,,
50,1,3,,2698,1,2698,,,,,,,,,,
51,1,3,,2698,,,220210,1,SN5730,SN19,928,928,1482,1482,,
50,1,3,,2699,1,2699,,,,,,,,,,
51,1,3,,2699,,,211705,1,SN19,SN6552,361,361,885,885,,
50,1,3,,2700,1,2700,,,,,,,,,,
51,1,3,,2700,,,220210,1,SN19,SN5730,343,343,915,915,,
50,1,3,,2702,1,2702,,,,,,,,,,
51,1,3,,2702,,,221704,1,SN19,SN6552,299,299,945,945,,
50,1,3,,2703,1,2703,,,,,,,,,,
51,1,3,,2703,,,221206,1,SN6252,SN19,956,956,1544,1544,,
50,1,3,,2704,1,2704,,,,,,,,,,
51,1,3,,2704,,,221206,1,SN19,SN6252,309,309,944,944,,
50,1,3,,2705,1,2705,,,,,,,,,,
51,1,3,,2705,,,221702,1,SN19,SN6552,277,277,884,884,,
50,1,3,,2706,1,2706,,,,,,,,,,
51,1,3,,2706,,,221702,1,SN6040,SN19,898,898,1475,1475,,
50,1,3,,2707,1,2707,,,,,,,,,,
51,1,3,,2707,,,221204,1,SN19,SN6544,282,282,893,893,,
50,1,3,,2708,1,2708,,,,,,,,,,
51,1,3,,2708,,,250314,1,SN19,SN19,594,594,1145,1145,,
50,1,3,,2709,1,2709,,,,,,,,,,
51,1,3,,2709,,,220204,1,SN19,SN5730,160,160,661,661,,
50,1,3,,2710,1,2710,,,,,,,,,,
51,1,3,,2710,,,210903,1,SN6043,SN19,693,693,1120,1120,,
50,1,3,,2711,1,2711,,,,,,,,,,
51,1,3,,2711,,,211902,1,SN19,SN6240,271,271,755,755,,
50,1,3,,2712,1,2712,,,,,,,,,,
51,1,3,,2712,,,211902,1,SN6240,SN19,772,772,1228,1228,,
50,1,3,,2713,1,2713,,,,,,,,,,
51,1,3,,2713,,,220206,1,SN5730,SN19,1152,1152,1642,1642,,
50,1,3,,2714,1,2714,,,,,,,,,,
51,1,3,,2714,,,220206,1,SN19,SN5730,271,271,732,732,,
50,1,3,,2715,1,2715,,,,,,,,,,
51,1,3,,2715,,,220206,1,SN5730,SN5730,748,748,1133,1133,,
50,1,3,,2716,1,2716,,,,,,,,,,
51,1,3,,2716,,,222102,1,SN7063,SN7074,664,664,1234,1234,,
50,1,3,,2718,1,2718,,,,,,,,,,
51,1,3,,2718,,,211704,1,SN6040,SN19,988,988,1594,1594,,
50,1,3,,2719,1,2719,,,,,,,,,,
51,1,3,,2719,,,211704,1,SN19,SN6552,302,302,973,973,,
50,1,3,,2720,1,2720,,,,,,,,,,
51,1,3,,2720,,,221703,1,SN6042,SN6552,880,880,1303,1303,,
50,1,3,,2721,1,2721,,,,,,,,,,
51,1,3,,2721,,,220208,1,SN19,SN1078,326,326,888,888,,
50,1,3,,2722,1,2722,,,,,,,,,,
51,1,3,,2722,,,220208,1,SN1078,SN19,910,910,1556,1556,,
50,1,3,,2723,1,2723,,,,,,,,,,
51,1,3,,2723,,,220103,1,SN19,SN5745,104,104,759,759,,
50,1,3,,2801,1,2801,,,,,,,,,,
51,1,3,,2801,,,230105,1,SN19,SN6028,182,182,811,811,,
50,1,3,,2802,1,2802,,,,,,,,,,
51,1,3,,2802,,,230106,1,SN19,SN6028,209,209,761,761,,
50,1,3,,2803,1,2803,,,,,,,,,,
51,1,3,,2803,,,230109,1,SN19,SN6028,401,401,987,987,,
50,1,3,,2804,1,2804,,,,,,,,,,
51,1,3,,2804,,,230123,1,SN19,SN6028,428,428,1035,1035,,
50,1,3,,2805,1,2805,,,,,,,,,,
51,1,3,,2805,,,230121,1,SN19,SN6028,517,517,979,979,,
50,1,3,,2806,1,2806,,,,,,,,,,
51,1,3,,2806,,,230112,1,SN19,SN6028,555,555,1126,1126,,
50,1,3,,2807,1,2807,,,,,,,,,,
51,1,3,,2807,,,230122,1,SN19,SN6028,554,554,1184,1184,,
50,1,3,,2808,1,2808,,,,,,,,,,
51,1,3,,2808,,,230122,1,SN6039,SN19,1203,1203,1638,1638,,
50,1,3,,2809,1,2809,,,,,,,,,,
51,1,3,,2809,,,230105,1,SN6039,SN19,824,824,1462,1462,,
50,1,3,,2810,1,2810,,,,,,,,,,
51,1,3,,2810,,,230111,1,SN19,SN19,542,542,1104,1104,,
50,1,3,,2811,1,2811,,,,,,,,,,
51,1,3,,2811,,,230110,1,SN6039,SN19,920,920,1547,1547,,
50,1,3,,2812,1,2812,,,,,,,,,,
51,1,3,,2812,,,240102,1,SN19,SN19,701,701,1209,1209,,
50,1,3,,2813,1,2813,,,,,,,,,,
51,1,3,,2813,,,230113,1,SN6039,SN19,864,864,1501,1501,,
50,1,3,,2814,1,2814,,,,,,,,,,
51,1,3,,2814,,,230107,1,SN6039,SN19,1124,1124,1648,1648,,
50,1,3,,2815,2,2815,,,,,,,,,,
51,1,3,,2815,,,230107,1,SN6039,SN6028,960,960,1109,1109,,
51,1,3,,2815,,,230124,2,SN19,SN19,1253,1253,1628,1628,,
50,1,3,,2816,1,2816,,,,,,,,,,
51,1,3,,2816,,,230108,1,SN6039,SN19,1233,1233,1658,1658,,
50,1,3,,2817,2,2817,,,,,,,,,,
51,1,3,,2817,,,230108,1,SN6039,SN6028,904,904,1214,1214,,
51,1,3,,2817,,,230119,2,SN6039,SN19,1343,1343,1619,1619,,
50,1,3,,2818,1,2818,,,,,,,,,,
51,1,3,,2818,,,230108,1,SN19,SN6028,364,364,891,891,,
50,1,3,,2819,1,2819,,,,,,,,,,
51,1,3,,2819,,,230112,1,SN6039,SN19,1143,1143,1589,1589,,
50,1,3,,2820,1,2820,,,,,,,,,,
51,1,3,,2820,,,230120,1,SN6039,SN19,1074,1074,1485,1485,,
50,1,3,,2821,2,2821,,,,,,,,,,
51,1,3,,2821,,,230120,1,SN19,SN6028,742,742,1061,1061,,
51,1,3,,2821,,,230118,2,SN6039,SN19,1213,1213,1458,1458,,
50,1,3,,2822,1,2822,,,,,,,,,,
51,1,3,,2822,,,230107,1,SN19,SN6028,359,359,947,947,,
50,1,3,,2823,1,2823,,,,,,,,,,
51,1,3,,2823,,,230109,1,SN6039,SN19,1000,1000,1605,1605,,
50,1,3,,2824,1,2824,,,,,,,,,,
51,1,3,,2824,,,230115,1,SN19,SN19,635,635,1144,1144,,
50,1,3,,2825,1,2825,,,,,,,,,,
51,1,3,,2825,,,230121,1,SN6039,SN19,992,992,1543,1543,,
50,1,3,,2826,1,2826,,,,,,,,,,
51,1,3,,2826,,,230114,1,SN19,SN19,598,598,1254,1254,,
50,1,3,,2827,1,2827,,,,,,,,,,
51,1,3,,2827,,,230117,1,SN19,SN6028,708,708,1117,1117,,
50,1,3,,2828,1,2828,,,,,,,,,,
51,1,3,,2828,,,230117,1,SN6039,SN19,1134,1134,1525,1525,,
50,1,3,,2829,1,2829,,,,,,,,,,
51,1,3,,2829,,,230123,1,SN6039,SN19,1048,1048,1597,1597,,
50,1,3,,2830,2,2830,,,,,,,,,,
51,1,3,,2830,,,230102,1,SN19,SN19,169,169,556,556,,
51,1,3,,2830,,,230116,2,SN19,SN6028,624,624,779,779,,
50,1,3,,2831,1,2831,,,,,,,,,,
51,1,3,,2831,,,230116,1,SN6039,SN19,792,792,1425,1425,,
50,1,3,,2832,1,2832,,,,,,,,,,
51,1,3,,2832,,,230103,1,SN19,SN6028,162,162,612,612,,
50,1,3,,2833,1,2833,,,,,,,,,,
51,1,3,,2833,,,230103,1,SN6039,SN19,625,625,1103,1103,,
50,1,3,,2834,1,2834,,,,,,,,,,
51,1,3,,2834,,,230119,1,SN19,SN6028,748,748,1331,1331,,
50,1,3,,2835,1,2835,,,,,,,,,,
51,1,3,,2835,,,230118,1,SN19,SN6028,710,710,1194,1194,,
50,1,3,,2836,2,2836,,,,,,,,,,
51,1,3,,2836,,,230101,1,SN19,SN19,149,149,526,526,,
51,1,3,,2836,,,230113,2,SN19,SN6028,607,607,851,851,,
50,1,3,,2837,1,2837,,,,,,,,,,
51,1,3,,2837,,,230106,1,SN6039,SN19,776,776,1261,1261,,
50,1,3,,2838,1,2838,,,,,,,,,,
51,1,3,,2838,,,240101,1,SN19,SN19,632,632,1096,1096,,
50,1,3,,2839,2,2839,,,,,,,,,,
51,1,3,,2839,,,230104,1,SN19,SN19,189,189,430,430,,
51,1,3,,2839,,,230110,2,SN19,SN6028,510,510,907,907,,
50,1,3,,1400_0,1,1400_0,,,,,,,,,,
51,1,3,,1400_0,,,210602,1,SN16,SN16,316,316,469,469,,
50,1,3,,1400_1,1,1400_1,,,,,,,,,,
51,1,3,,1400_1,,,210502,1,SN5475,SN20015,618,618,1000,1000,,
50,1,3,,1401_0,1,1401_0,,,,,,,,,,
51,1,3,,1401_0,,,211108,1,SN16,SN16,426,426,542,542,,
50,1,3,,1401_1,1,1401_1,,,,,,,,,,
51,1,3,,1401_1,,,210604,1,SN5475,SN16,675,675,1158,1158,,
50,1,3,,1402_0,1,1402_0,,,,,,,,,,
51,1,3,,1402_0,,,211007,1,SN16,SN655,338,338,434,434,,
50,1,3,,1402_1,1,1402_1,,,,,,,,,,
51,1,3,,1402_1,,,211103,1,SN4229,SN6775,545,545,1030,1030,,
50,1,3,,1403_0,1,1403_0,,,,,,,,,,
51,1,3,,1403_0,,,220312,1,SN16,SN1571,354,354,718,718,,
50,1,3,,1403_1,1,1403_1,,,,,,,,,,
51,1,3,,1403_1,,,221502,1,SN6214,SN16,861,861,1089,1089,,
50,1,3,,1404_0,1,1404_0,,,,,,,,,,
51,1,3,,1404_0,,,212102,1,SN6542,SN6542,840,840,1100,1100,,
50,1,3,,1404_1,1,1404_1,,,,,,,,,,
51,1,3,,1404_1,,,220808,1,SN6144,SN16,1219,1219,1563,1563,,
50,1,3,,1405_0,1,1405_0,,,,,,,,,,
51,1,3,,1405_0,,,211103,1,SN16,SN4229,277,277,535,535,,
50,1,3,,1405_1,1,1405_1,,,,,,,,,,
51,1,3,,1405_1,,,211010,1,SN16,SN655,680,680,1011,1011,,
50,1,3,,1406_0,1,1406_0,,,,,,,,,,
51,1,3,,1406_0,,,211307,1,SN16,SN20016,307,307,575,575,,
50,1,3,,1406_1,1,1406_1,,,,,,,,,,
51,1,3,,1406_1,,,221001,1,SN1496,SN16,719,719,1045,1045,,
50,1,3,,1407_0,1,1407_0,,,,,,,,,,
51,1,3,,1407_0,,,212101,1,SN6542,SN16,899,899,1176,1176,,
50,1,3,,1407_1,1,1407_1,,,,,,,,,,
51,1,3,,1407_1,,,221011,1,SN1496,SN16,1307,1307,1616,1616,,
50,1,3,,1408_0,1,1408_0,,,,,,,,,,
51,1,3,,1408_0,,,221903,1,SN6228,SN16,906,906,1198,1198,,
50,1,3,,1408_1,1,1408_1,,,,,,,,,,
51,1,3,,1408_1,,,210205,1,SN16,SN16,1302,1302,1546,1546,,
50,1,3,,1409_0,1,1409_0,,,,,,,,,,
51,1,3,,1409_0,,,220618,1,SN16,SN516,413,413,676,676,,
50,1,3,,1409_1,1,1409_1,,,,,,,,,,
51,1,3,,1409_1,,,211509,1,SN5283,SN16,846,846,1140,1140,,
50,1,3,,1410_0,1,1410_0,,,,,,,,,,
51,1,3,,1410_0,,,210601,1,SN16,SN5475,226,226,544,544,,
50,1,3,,1410_1,1,1410_1,,,,,,,,,,
51,1,3,,1410_1,,,211002,1,SN6377,SN6377,746,746,945,945,,
50,1,3,,1411_0,1,1411_0,,,,,,,,,,
51,1,3,,1411_0,,,220804,1,SN16,SN3419,310,310,763,763,,
50,1,3,,1411_1,1,1411_1,,,,,,,,,,
51,1,3,,1411_1,,,290106,1,SN16,SN16,927,927,1061,1061,,
50,1,3,,1412_0,1,1412_0,,,,,,,,,,
51,1,3,,1412_0,,,220619,1,SN16,SN516,433,433,696,696,,
50,1,3,,1412_1,1,1412_1,,,,,,,,,,
51,1,3,,1412_1,,,211508,1,SN677,SN16,842,842,1152,1152,,
50,1,3,,1413_0,1,1413_0,,,,,,,,,,
51,1,3,,1413_0,,,211506,1,SN677,SN16,882,882,1188,1188,,
50,1,3,,1413_1,1,1413_1,,,,,,,,,,
51,1,3,,1413_1,,,221503,1,SN5474,SN16,1305,1305,1555,1555,,
50,1,3,,1414_0,1,1414_0,,,,,,,,,,
51,1,3,,1414_0,,,212106,1,SN16,SN6542,379,379,861,861,,
50,1,3,,1414_1,1,1414_1,,,,,,,,,,
51,1,3,,1414_1,,,290107,1,SN16,SN16,987,987,1119,1119,,
50,1,3,,1415_0,1,1415_0,,,,,,,,,,
51,1,3,,1415_0,,,211107,1,SN16,SN16,365,365,485,485,,
50,1,3,,1415_1,1,1415_1,,,,,,,,,,
51,1,3,,1415_1,,,210504,1,SN3419,SN16,631,631,1109,1109,,
50,1,3,,1416_0,1,1416_0,,,,,,,,,,
51,1,3,,1416_0,,,221805,1,SN3872,SN16,872,872,1169,1169,,
50,1,3,,1416_1,1,1416_1,,,,,,,,,,
51,1,3,,1416_1,,,210109,1,SN5441,SN16,1286,1286,1558,1558,,
50,1,3,,1417_0,1,1417_0,,,,,,,,,,
51,1,3,,1417_0,,,210504,1,SN16,SN3419,308,308,628,628,,
50,1,3,,1417_1,1,1417_1,,,,,,,,,,
51,1,3,,1417_1,,,212103,1,SN6542,SN6542,722,722,981,981,,
50,1,3,,1418_0,1,1418_0,,,,,,,,,,
51,1,3,,1418_0,,,210607,1,SN16,SN16,371,371,533,533,,
50,1,3,,1418_1,1,1418_1,,,,,,,,,,
51,1,3,,1418_1,,,221010,1,SN1496,SN16,700,700,1117,1117,,
50,1,3,,1419_0,1,1419_0,,,,,,,,,,
51,1,3,,1419_0,,,220301,1,SN3274,SN16,873,873,1178,1178,,
50,1,3,,1419_1,1,1419_1,,,,,,,,,,
51,1,3,,1419_1,,,221506,1,SN16,SN16,1307,1307,1525,1525,,
50,1,3,,1421_0,1,1421_0,,,,,,,,,,
51,1,3,,1421_0,,,221501,1,SN16,SN3419,240,240,313,313,,
50,1,3,,1421_1,1,1421_1,,,,,,,,,,
51,1,3,,1421_1,,,220617,1,SN16,SN516,410,410,939,939,,
50,1,3,,1422_0,1,1422_0,,,,,,,,,,
51,1,3,,1422_0,,,211310,1,SN16,SN20016,441,441,741,741,,
50,1,3,,1422_1,1,1422_1,,,,,,,,,,
51,1,3,,1422_1,,,210606,1,SN6214,SN16,881,881,1155,1155,,
50,1,3,,1424_0,1,1424_0,,,,,,,,,,
51,1,3,,1424_0,,,221010,1,SN16,SN1496,394,394,680,680,,
50,1,3,,1424_1,1,1424_1,,,,,,,,,,
51,1,3,,1424_1,,,220315,1,SN16,SN16,803,803,1092,1092,,
50,1,3,,1425_0,1,1425_0,,,,,,,,,,
51,1,3,,1425_0,,,290101,1,SN16,SN16,288,288,591,591,,
50,1,3,,1425_1,1,1425_1,,,,,,,,,,
51,1,3,,1425_1,,,210103,1,SN677,SN677,734,734,1017,1017,,
50,1,3,,1426_0,1,1426_0,,,,,,,,,,
51,1,3,,1426_0,,,210503,1,SN16,SN3419,256,256,528,528,,
50,1,3,,1426_1,1,1426_1,,,,,,,,,,
51,1,3,,1426_1,,,211510,1,SN16,SN5283,619,619,907,907,,
50,1,3,,1427_0,1,1427_0,,,,,,,,,,
51,1,3,,1427_0,,,211304,1,SN6228,SN20016,564,564,1026,1026,,
50,1,3,,1427_1,1,1427_1,,,,,,,,,,
51,1,3,,1427_1,,,210601,1,SN6214,SN16,1189,1189,1287,1287,,
50,1,3,,1428_0,1,1428_0,,,,,,,,,,
51,1,3,,1428_0,,,211304,1,SN16,SN20016,227,227,546,546,,
50,1,3,,1428_1,1,1428_1,,,,,,,,,,
51,1,3,,1428_1,,,210102,1,SN5441,SN5441,653,653,933,933,,
50,1,3,,1429_0,1,1429_0,,,,,,,,,,
51,1,3,,1429_0,,,210502,1,SN16,SN5475,251,251,604,604,,
50,1,3,,1429_1,1,1429_1,,,,,,,,,,
51,1,3,,1429_1,,,220601,1,SN1496,SN1496,739,739,941,941,,
50,1,3,,1430_0,1,1430_0,,,,,,,,,,
51,1,3,,1430_0,,,211302,1,SN6216,SN16,898,898,1180,1180,,
50,1,3,,1430_1,1,1430_1,,,,,,,,,,
51,1,3,,1430_1,,,220303,1,SN3274,SN16,1298,1298,1546,1546,,
50,1,3,,1431_0,1,1431_0,,,,,,,,,,
51,1,3,,1431_0,,,211302,1,SN16,SN5474,167,167,314,314,,
50,1,3,,1431_1,1,1431_1,,,,,,,,,,
51,1,3,,1431_1,,,211009,1,SN16,SN655,402,402,811,811,,
50,1,3,,1432_0,1,1432_0,,,,,,,,,,
51,1,3,,1432_0,,,220616,1,SN16,SN516,392,392,656,656,,
50,1,3,,1432_1,1,1432_1,,,,,,,,,,
51,1,3,,1432_1,,,220804,1,SN3419,SN16,785,785,1090,1090,,
50,1,3,,1433_0,1,1433_0,,,,,,,,,,
51,1,3,,1433_0,,,210507,1,SN16,SN5474,440,440,821,821,,
50,1,3,,1433_1,1,1433_1,,,,,,,,,,
51,1,3,,1433_1,,,220617,1,SN2182,SN16,955,955,1127,1127,,
50,1,3,,1434_0,1,1434_0,,,,,,,,,,
51,1,3,,1434_0,,,220313,1,SN16,SN1571,374,374,877,877,,
50,1,3,,1434_1,1,1434_1,,,,,,,,,,
51,1,3,,1434_1,,,220615,1,SN503,SN16,1023,1023,1109,1109,,
50,1,3,,2524_0,1,2524_0,,,,,,,,,,
51,1,3,,2524_0,,,211904,1,SN6240,SN19,746,746,1261,1261,,
50,1,3,,2524_1,1,2524_1,,,,,,,,,,
51,1,3,,2524_1,,,210317,1,SN19,SN19,1379,1379,1463,1463,,
50,1,3,,2539_0,1,2539_0,,,,,,,,,,
51,1,3,,2539_0,,,210904,1,SN6043,SN6552,850,850,1261,1261,,
50,1,3,,2539_1,1,2539_1,,,,,,,,,,
51,1,3,,2539_1,,,220116,1,SN19,SN19,1379,1379,1536,1536,,
50,1,3,,2549_0,1,2549_0,,,,,,,,,,
51,1,3,,2549_0,,,220102,1,SN19,SN1862,88,88,431,431,,
50,1,3,,2549_1,1,2549_1,,,,,,,,,,
51,1,3,,2549_1,,,210406,1,SN19,SN6552,532,532,767,767,,
50,1,3,,2567_0,1,2567_0,,,,,,,,,,
51,1,3,,2567_0,,,250401,1,SN19,SN6480,26,26,159,159,,
50,1,3,,2567_1,1,2567_1,,,,,,,,,,
51,1,3,,2567_1,,,210306,1,SN19,SN19,294,294,584,584,,
50,1,3,,2579_0,1,2579_0,,,,,,,,,,
51,1,3,,2579_0,,,210908,1,SN6043,SN6552,894,894,1280,1280,,
50,1,3,,2579_1,1,2579_1,,,,,,,,,,
51,1,3,,2579_1,,,220211,1,SN5730,SN19,1416,1416,1607,1607,,
50,1,3,,2599_0,1,2599_0,,,,,,,,,,
51,1,3,,2599_0,,,210312,1,SN19,SN7103,629,629,816,816,,
50,1,3,,2599_1,1,2599_1,,,,,,,,,,
51,1,3,,2599_1,,,221704,1,SN6029,SN19,958,958,1147,1147,,
50,1,3,,2612_0,1,2612_0,,,,,,,,,,
51,1,3,,2612_0,,,211702,1,SN6038,SN19,794,794,1150,1150,,
50,1,3,,2612_1,1,2612_1,,,,,,,,,,
51,1,3,,2612_1,,,222102,1,SN7074,SN19,1264,1264,1501,1501,,
50,1,3,,2614_0,1,2614_0,,,,,,,,,,
51,1,3,,2614_0,,,220105,1,SN19,SN5745,164,164,301,301,,
50,1,3,,2614_1,1,2614_1,,,,,,,,,,
51,1,3,,2614_1,,,210310,1,SN19,SN19,405,405,705,705,,
50,1,3,,2637_0,1,2637_0,,,,,,,,,,
51,1,3,,2637_0,,,250308,1,SN6226,SN19,846,846,1173,1173,,
50,1,3,,2637_1,1,2637_1,,,,,,,,,,
51,1,3,,2637_1,,,210902,1,SN6226,SN19,1289,1289,1545,1545,,
50,1,3,,2687_0,1,2687_0,,,,,,,,,,
51,1,3,,2687_0,,,220108,1,SN5745,SN19,980,980,1188,1188,,
50,1,3,,2687_1,1,2687_1,,,,,,,,,,
51,1,3,,2687_1,,,210908,1,SN6043,SN19,1294,1294,1637,1637,,
50,1,3,,2692_0,1,2692_0,,,,,,,,,,
51,1,3,,2692_0,,,212201,1,SN6038,SN19,851,851,1202,1202,,
50,1,3,,2692_1,1,2692_1,,,,,,,,,,
51,1,3,,2692_1,,,222103,1,SN7074,SN19,1324,1324,1462,1462,,
50,1,3,,2696_0,1,2696_0,,,,,,,,,,
51,1,3,,2696_0,,,211705,1,SN6029,SN19,898,898,1178,1178,,
50,1,3,,2696_1,1,2696_1,,,,,,,,,,
51,1,3,,2696_1,,,221706,1,SN19,SN19,1248,1248,1522,1522,,
50,1,3,,2701_0,1,2701_0,,,,,,,,,,
51,1,3,,2701_0,,,210304,1,SN19,SN19,292,292,664,664,,
50,1,3,,2701_1,1,2701_1,,,,,,,,,,
51,1,3,,2701_1,,,250407,1,SN6480,SN6480,796,796,992,992,,
50,1,3,,2717_0,1,2717_0,,,,,,,,,,
51,1,3,,2717_0,,,222102,1,SN19,SN7063,255,255,640,640,,
50,1,3,,2717_1,1,2717_1,,,,,,,,,,
51,1,3,,2717_1,,,221203,1,SN6544,SN6545,785,785,991,991,,
