record type,booking id,service type,division name,run id,run pieces,run name,block number,piece number,start place,end place,sign on time of piece,start time of piece,end time of piece,clear time of piece,special trip option id,op days
50,1,1,,4000,1,4000,,,,,,,,,,
51,1,1,,4000,,,420301,1,SN16,SN5943,212,212,627,627,,
50,1,1,,4001,1,4001,,,,,,,,,,
51,1,1,,4001,,,420605,1,SN16,SN3692,253,253,703,703,,
50,1,1,,4002,1,4002,,,,,,,,,,
51,1,1,,4002,,,410601,1,SN16,SN5474,257,257,654,654,,
50,1,1,,4003,1,4003,,,,,,,,,,
51,1,1,,4003,,,420303,1,SN16,SN6775,267,267,719,719,,
50,1,1,,4004,1,4004,,,,,,,,,,
51,1,1,,4004,,,411102,1,SN16,SN6775,264,264,869,869,,
50,1,1,,4005,1,4005,,,,,,,,,,
51,1,1,,4005,,,411504,1,SN16,SN677,284,284,865,865,,
50,1,1,,4006,1,4006,,,,,,,,,,
51,1,1,,4006,,,410503,1,SN16,SN20015,306,306,819,819,,
50,1,1,,4007,1,4007,,,,,,,,,,
51,1,1,,4007,,,410103,1,SN16,SN5441,327,327,701,701,,
50,1,1,,4008,1,4008,,,,,,,,,,
51,1,1,,4008,,,490102,1,SN16,SN7125,330,330,877,877,,
50,1,1,,4009,1,4009,,,,,,,,,,
51,1,1,,4009,,,421902,1,SN16,SN5441,349,349,965,965,,
50,1,1,,4010,1,4010,,,,,,,,,,
51,1,1,,4010,,,411004,1,SN16,SN556,348,348,880,880,,
50,1,1,,4011,1,4011,,,,,,,,,,
51,1,1,,4011,,,410605,1,SN16,SN5475,375,375,797,797,,
50,1,1,,4012,1,4012,,,,,,,,,,
51,1,1,,4012,,,411104,1,SN1571,SN1571,612,612,1065,1065,,
50,1,1,,4013,1,4013,,,,,,,,,,
51,1,1,,4013,,,420301,1,SN5943,SN16,639,639,1112,1112,,
50,1,1,,4014,1,4014,,,,,,,,,,
51,1,1,,4014,,,421803,1,SN16,SN16,678,678,1112,1112,,
50,1,1,,4015,1,4015,,,,,,,,,,
51,1,1,,4015,,,420607,1,SN3692,SN3692,704,704,1120,1120,,
50,1,1,,4016,1,4016,,,,,,,,,,
51,1,1,,4016,,,420801,1,SN3419,SN6144,711,711,1143,1143,,
50,1,1,,4017,1,4017,,,,,,,,,,
51,1,1,,4017,,,410103,1,SN1618,SN5441,717,717,1152,1152,,
50,1,1,,4018,1,4018,,,,,,,,,,
51,1,1,,4018,,,420303,1,SN3274,SN16,737,737,1193,1193,,
50,1,1,,4019,1,4019,,,,,,,,,,
51,1,1,,4019,,,420606,1,SN3692,SN3692,782,782,1191,1191,,
50,1,1,,4020,1,4020,,,,,,,,,,
51,1,1,,4020,,,411302,1,SN6214,SN16,817,817,1273,1273,,
50,1,1,,4021,1,4021,,,,,,,,,,
51,1,1,,4021,,,422004,1,SN16,SN16,854,854,1473,1473,,
50,1,1,,4022,1,4022,,,,,,,,,,
51,1,1,,4022,,,490102,1,SN7125,SN16,913,913,1454,1454,,
50,1,1,,4023,1,4023,,,,,,,,,,
51,1,1,,4023,,,411004,1,SN556,SN16,890,890,1422,1422,,
50,1,1,,4024,1,4024,,,,,,,,,,
51,1,1,,4024,,,411103,1,SN4229,SN16,917,917,1518,1518,,
50,1,1,,4025,1,4025,,,,,,,,,,
51,1,1,,4025,,,422003,1,SN7125,SN16,937,937,1519,1519,,
50,1,1,,4026,1,4026,,,,,,,,,,
51,1,1,,4026,,,411106,1,SN3274,SN16,947,947,1546,1546,,
50,1,1,,4027,1,4027,,,,,,,,,,
51,1,1,,4027,,,412103,1,SN6542,SN16,985,985,1567,1567,,
50,1,1,,4028,1,4028,,,,,,,,,,
51,1,1,,4028,,,420602,1,SN1571,SN16,1107,1107,1555,1555,,
50,1,1,,4029,1,4029,,,,,,,,,,
51,1,1,,4029,,,420308,1,SN1571,SN16,1134,1134,1542,1542,,
50,1,1,SIMM FX,4030,1,4030,,,,,,,,,,
51,1,1,SIMM FX,4030,,,421801,1,SN5731,SN16,1076,1076,1558,1558,,
50,1,1,,4031,1,4031,,,,,,,,,,
51,1,1,,4031,,,420607,1,SN3692,SN16,1143,1143,1606,1606,,
50,1,1,,4032,1,4032,,,,,,,,,,
51,1,1,,4032,,,420606,1,SN3692,SN16,1204,1204,1661,1661,,
50,1,1,,4033,1,4033,,,,,,,,,,
51,1,1,,4033,,,490402,1,SN6215,SN16,1250,1250,1666,1666,,
50,1,1,,4034,1,4034,,,,,,,,,,
51,1,1,,4034,,,411503,1,SN16,SN677,270,270,734,734,,
50,1,1,,4035,1,4035,,,,,,,,,,
51,1,1,,4035,,,421802,1,SN3872,SN16,942,942,1549,1549,,
50,1,1,,4036,1,4036,,,,,,,,,,
51,1,1,,4036,,,410102,1,SN1618,SN16,835,835,1225,1225,,
50,1,1,,4037,1,4037,,,,,,,,,,
51,1,1,,4037,,,410102,1,SN16,SN5441,242,242,822,822,,
50,1,1,,4038,1,4038,,,,,,,,,,
51,1,1,,4038,,,421006,1,SN16,SN1496,331,331,789,789,,
50,1,1,,4039,1,4039,,,,,,,,,,
51,1,1,,4039,,,421006,1,SN1496,SN16,801,801,1408,1408,,
50,1,1,,4040,1,4040,,,,,,,,,,
51,1,1,,4040,,,411302,1,SN6216,SN20015,337,337,805,805,,
50,1,1,,4041,1,4041,,,,,,,,,,
51,1,1,,4041,,,420308,1,SN16,SN1571,647,647,1107,1107,,
50,1,1,,4042,1,4042,,,,,,,,,,
51,1,1,,4042,,,490401,1,SN6228,SN16,880,880,1494,1494,,
50,1,1,,4043,1,4043,,,,,,,,,,
51,1,1,,4043,,,490401,1,SN16,SN20016,286,286,860,860,,
50,1,1,,4044,1,4044,,,,,,,,,,
51,1,1,,4044,,,411502,1,SN1618,SN16,1105,1105,1586,1586,,
50,1,1,,4045,1,4045,,,,,,,,,,
51,1,1,,4045,,,411502,1,SN1618,SN5441,657,657,1092,1092,,
50,1,1,,4046,1,4046,,,,,,,,,,
51,1,1,,4046,,,411502,1,SN16,SN5441,212,212,627,627,,
50,1,1,,4047,1,4047,,,,,,,,,,
51,1,1,,4047,,,410103,1,SN1618,SN16,1166,1166,1599,1599,,
50,1,1,,4048,1,4048,,,,,,,,,,
51,1,1,,4048,,,410607,1,SN16,SN7125,364,364,937,937,,
50,1,1,,4049,1,4049,,,,,,,,,,
51,1,1,,4049,,,421005,1,SN2770,SN2770,788,788,1142,1142,,
50,1,1,,4050,1,4050,,,,,,,,,,
51,1,1,,4050,,,421005,1,SN16,SN2770,329,329,777,777,,
50,1,1,,4051,1,4051,,,,,,,,,,
51,1,1,,4051,,,421005,1,SN2770,SN16,1155,1155,1567,1567,,
50,1,1,,4052,1,4052,,,,,,,,,,
51,1,1,,4052,,,411510,1,SN5283,SN16,895,895,1328,1328,,
50,1,1,,4053,1,4053,,,,,,,,,,
51,1,1,,4053,,,410501,1,SN5474,SN5475,484,484,1095,1095,,
50,1,1,,4054,1,4054,,,,,,,,,,
51,1,1,,4054,,,410501,1,SN5475,SN16,1108,1108,1477,1477,,
50,1,1,,4055,1,4055,,,,,,,,,,
51,1,1,,4055,,,411005,1,SN16,SN556,337,337,790,790,,
50,1,1,,4056,1,4056,,,,,,,,,,
51,1,1,,4056,,,410607,1,SN7125,SN16,973,973,1413,1413,,
50,1,1,,4057,1,4057,,,,,,,,,,
51,1,1,,4057,,,411005,1,SN556,SN6377,800,800,1239,1239,,
50,1,1,,4058,1,4058,,,,,,,,,,
51,1,1,,4058,,,411301,1,SN6228,SN16,626,626,1179,1179,,
50,1,1,,4059,1,4059,,,,,,,,,,
51,1,1,,4059,,,412101,1,SN16,SN6542,244,244,851,851,,
50,1,1,,4060,1,4060,,,,,,,,,,
51,1,1,,4060,,,412101,1,SN6542,SN16,875,875,1234,1234,,
50,1,1,,4061,1,4061,,,,,,,,,,
51,1,1,,4061,,,410603,1,SN16,SN5475,288,288,917,917,,
50,1,1,,4062,1,4062,,,,,,,,,,
51,1,1,,4062,,,411505,1,SN677,SN16,785,785,1143,1143,,
50,1,1,,4063,1,4063,,,,,,,,,,
51,1,1,,4063,,,411505,1,SN16,SN677,300,300,766,766,,
50,1,1,,4064,1,4064,,,,,,,,,,
51,1,1,,4064,,,421004,1,SN1496,SN16,905,905,1447,1447,,
50,1,1,,4065,1,4065,,,,,,,,,,
51,1,1,,4065,,,421004,1,SN16,SN1496,294,294,893,893,,
50,1,1,,4066,1,4066,,,,,,,,,,
51,1,1,,4066,,,411511,1,SN16,SN16,672,672,1150,1150,,
50,1,1,,4067,1,4067,,,,,,,,,,
51,1,1,,4067,,,421902,1,SN5441,SN16,976,976,1558,1558,,
50,1,1,,4068,1,4068,,,,,,,,,,
51,1,1,,4068,,,411006,1,SN556,SN16,1130,1130,1604,1604,,
50,1,1,,4069,1,4069,,,,,,,,,,
51,1,1,,4069,,,411104,1,SN1571,SN16,1081,1081,1512,1512,,
50,1,1,,4070,1,4070,,,,,,,,,,
51,1,1,,4070,,,411006,1,SN556,SN556,770,770,1120,1120,,
50,1,1,,4071,1,4071,,,,,,,,,,
51,1,1,,4071,,,412102,1,SN16,SN6542,283,283,731,731,,
50,1,1,,4072,1,4072,,,,,,,,,,
51,1,1,,4072,,,412102,1,SN6542,SN16,1045,1045,1552,1552,,
50,1,1,,4073,1,4073,,,,,,,,,,
51,1,1,,4073,,,410602,1,SN16,SN20015,277,277,865,865,,
50,1,1,,4074,1,4074,,,,,,,,,,
51,1,1,,4074,,,410602,1,SN6214,SN16,877,877,1445,1445,,
50,1,1,,4075,1,4075,,,,,,,,,,
51,1,1,,4075,,,411103,1,SN16,SN4229,292,292,897,897,,
50,1,1,,4076,1,4076,,,,,,,,,,
51,1,1,,4076,,,411504,1,SN677,SN16,885,885,1412,1412,,
50,1,1,,4077,1,4077,,,,,,,,,,
51,1,1,,4077,,,490101,1,SN16,SN7125,290,290,817,817,,
50,1,1,,4078,1,4078,,,,,,,,,,
51,1,1,,4078,,,410101,1,SN16,SN5441,237,237,762,762,,
50,1,1,,4079,1,4079,,,,,,,,,,
51,1,1,,4079,,,410101,1,SN1618,SN16,775,775,1226,1226,,
50,1,1,,4080,1,4080,,,,,,,,,,
51,1,1,,4080,,,420611,1,SN3692,SN16,1022,1022,1432,1432,,
50,1,1,,4081,1,4081,,,,,,,,,,
51,1,1,,4081,,,420611,1,SN16,SN3692,382,382,1002,1002,,
50,1,1,,4082,1,4082,,,,,,,,,,
51,1,1,,4082,,,421003,1,SN1496,SN16,1186,1186,1543,1543,,
50,1,1,,4083,1,4083,,,,,,,,,,
51,1,1,,4083,,,421003,1,SN2770,SN1496,736,736,1173,1173,,
50,1,1,,4084,1,4084,,,,,,,,,,
51,1,1,,4084,,,421003,1,SN16,SN2770,273,273,723,723,,
50,1,1,,4085,1,4085,,,,,,,,,,
51,1,1,,4085,,,421903,1,SN5441,SN16,836,836,1257,1257,,
50,1,1,,4086,1,4086,,,,,,,,,,
51,1,1,,4086,,,421903,1,SN16,SN5441,346,346,825,825,,
50,1,1,,4087,1,4087,,,,,,,,,,
51,1,1,,4087,,,411007,1,SN16,SN556,244,244,730,730,,
50,1,1,,4088,1,4088,,,,,,,,,,
51,1,1,,4088,,,490101,1,SN7125,SN16,828,828,1429,1429,,
50,1,1,,4089,1,4089,,,,,,,,,,
51,1,1,,4089,,,411007,1,SN556,SN16,920,920,1447,1447,,
50,1,1,,4090,1,4090,,,,,,,,,,
51,1,1,,4090,,,412103,1,SN16,SN6542,297,297,676,676,,
50,1,1,,4091,1,4091,,,,,,,,,,
51,1,1,,4091,,,411102,1,SN3274,SN16,887,887,1498,1498,,
50,1,1,,4092,1,4092,,,,,,,,,,
51,1,1,,4092,,,420606,1,SN16,SN3692,282,282,763,763,,
50,1,1,,4093,1,4093,,,,,,,,,,
51,1,1,,4093,,,411507,1,SN16,SN677,416,416,926,926,,
50,1,1,,4094,1,4094,,,,,,,,,,
51,1,1,,4094,,,411507,1,SN677,SN16,945,945,1497,1497,,
50,1,1,,4095,1,4095,,,,,,,,,,
51,1,1,,4095,,,420701,1,SN16,SN2017,378,378,820,820,,
50,1,1,,4096,1,4096,,,,,,,,,,
51,1,1,,4096,,,420609,1,SN3692,SN3692,742,742,1151,1151,,
50,1,1,,4097,1,4097,,,,,,,,,,
51,1,1,,4097,,,420609,1,SN16,SN3692,344,344,723,723,,
50,1,1,,4098,1,4098,,,,,,,,,,
51,1,1,,4098,,,420609,1,SN3692,SN16,1164,1164,1556,1556,,
50,1,1,,4099,1,4099,,,,,,,,,,
51,1,1,,4099,,,420610,1,SN3692,SN16,1103,1103,1500,1500,,
50,1,1,,4100,1,4100,,,,,,,,,,
51,1,1,,4100,,,420610,1,SN3692,SN3692,665,665,1080,1080,,
50,1,1,,4101,1,4101,,,,,,,,,,
51,1,1,,4101,,,421002,1,SN6479,SN16,1153,1153,1527,1527,,
50,1,1,,4102,1,4102,,,,,,,,,,
51,1,1,,4102,,,421002,1,SN3692,SN6479,822,822,1138,1138,,
50,1,1,,4103,1,4103,,,,,,,,,,
51,1,1,,4103,,,420701,1,SN2017,SN16,833,833,1202,1202,,
50,1,1,,4104,1,4104,,,,,,,,,,
51,1,1,,4104,,,421002,1,SN1496,SN3692,256,256,804,804,,
50,1,1,,4105,1,4105,,,,,,,,,,
51,1,1,,4105,,,420607,1,SN16,SN3692,306,306,683,683,,
50,1,1,,4106,1,4106,,,,,,,,,,
51,1,1,,4106,,,411506,1,SN677,SN16,725,725,1085,1085,,
50,1,1,,4107,1,4107,,,,,,,,,,
51,1,1,,4107,,,412001,1,SN6542,SN16,1105,1105,1643,1643,,
50,1,1,,4108,1,4108,,,,,,,,,,
51,1,1,,4108,,,412001,1,SN16,SN6542,229,229,791,791,,
50,1,1,,4109,1,4109,,,,,,,,,,
51,1,1,,4109,,,421502,1,SN5474,SN5475,843,843,1254,1254,,
50,1,1,,4110,1,4110,,,,,,,,,,
51,1,1,,4110,,,421502,1,SN16,SN5474,266,266,834,834,,
50,1,1,,4111,1,4111,,,,,,,,,,
51,1,1,,4111,,,410205,1,SN3970,SN16,1122,1122,1569,1569,,
50,1,1,,4112,1,4112,,,,,,,,,,
51,1,1,,4112,,,421502,1,SN5475,SN16,1266,1266,1611,1611,,
50,1,1,,4113,1,4113,,,,,,,,,,
51,1,1,,4113,,,420613,1,SN3692,SN16,842,842,1279,1279,,
50,1,1,,4114,1,4114,,,,,,,,,,
51,1,1,,4114,,,421001,1,SN1496,SN2770,495,495,933,933,,
50,1,1,,4115,1,4115,,,,,,,,,,
51,1,1,,4115,,,410205,1,SN16,SN3970,693,693,1109,1109,,
50,1,1,,4116,1,4116,,,,,,,,,,
51,1,1,,4116,,,421001,1,SN2770,SN16,944,944,1387,1387,,
50,1,1,,4117,1,4117,,,,,,,,,,
51,1,1,,4117,,,421901,1,SN16,SN677,293,293,806,806,,
50,1,1,,4118,1,4118,,,,,,,,,,
51,1,1,,4118,,,421901,1,SN677,SN16,1185,1185,1641,1641,,
50,1,1,,4119,1,4119,,,,,,,,,,
51,1,1,,4119,,,421901,1,SN677,SN677,825,825,1164,1164,,
50,1,1,,4120,1,4120,,,,,,,,,,
51,1,1,,4120,,,490404,1,SN16,SN20016,242,242,788,788,,
50,1,1,,4121,1,4121,,,,,,,,,,
51,1,1,,4121,,,411001,1,SN556,SN556,205,205,668,668,,
50,1,1,,4122,1,4122,,,,,,,,,,
51,1,1,,4122,,,411001,1,SN6377,SN16,1137,1137,1553,1553,,
50,1,1,,4123,1,4123,,,,,,,,,,
51,1,1,,4123,,,411001,1,SN556,SN6377,681,681,1126,1126,,
50,1,1,,4124,1,4124,,,,,,,,,,
51,1,1,,4124,,,422002,1,SN6970,SN16,906,906,1525,1525,,
50,1,1,,4125,1,4125,,,,,,,,,,
51,1,1,,4125,,,422002,1,SN16,SN6970,268,268,890,890,,
50,1,1,,4126,1,4126,,,,,,,,,,
51,1,1,,4126,,,420604,1,SN16,SN3692,250,250,844,844,,
50,1,1,,4127,1,4127,,,,,,,,,,
51,1,1,,4127,,,420604,1,SN3692,SN6479,862,862,1176,1176,,
50,1,1,,4128,1,4128,,,,,,,,,,
51,1,1,,4128,,,420604,1,SN6479,SN16,1193,1193,1557,1557,,
50,1,1,,4129,1,4129,,,,,,,,,,
51,1,1,,4129,,,490404,1,SN6228,SN16,805,805,1200,1200,,
50,1,1,,4130,1,4130,,,,,,,,,,
51,1,1,,4130,,,411509,1,SN16,SN677,558,558,906,906,,
50,1,1,,4131,1,4131,,,,,,,,,,
51,1,1,,4131,,,411509,1,SN677,SN16,925,925,1268,1268,,
50,1,1,,4132,1,4132,,,,,,,,,,
51,1,1,,4132,,,410104,1,SN1618,SN16,1211,1211,1537,1537,,
50,1,1,,4133,1,4133,,,,,,,,,,
51,1,1,,4133,,,410104,1,SN16,SN5441,582,582,1181,1181,,
50,1,1,,4134,1,4134,,,,,,,,,,
51,1,1,,4134,,,420612,1,SN16,SN3692,447,447,963,963,,
50,1,1,,4135,1,4135,,,,,,,,,,
51,1,1,,4135,,,420612,1,SN3692,SN16,982,982,1392,1392,,
50,1,1,,4136,1,4136,,,,,,,,,,
51,1,1,,4136,,,411002,1,SN3274,SN16,797,797,1153,1153,,
50,1,1,,4137,1,4137,,,,,,,,,,
51,1,1,,4137,,,411002,1,SN4229,SN6775,351,351,779,779,,
50,1,1,,4138,1,4138,,,,,,,,,,
51,1,1,,4138,,,422003,1,SN16,SN7125,318,318,919,919,,
50,1,1,,4139,1,4139,,,,,,,,,,
51,1,1,,4139,,,420605,1,SN3692,SN16,722,722,1165,1165,,
50,1,1,,4140,1,4140,,,,,,,,,,
51,1,1,,4140,,,420901,1,SN16,SN5885,352,352,768,768,,
50,1,1,,4141,1,4141,,,,,,,,,,
51,1,1,,4141,,,420901,1,SN5885,SN16,781,781,1232,1232,,
50,1,1,,4142,1,4142,,,,,,,,,,
51,1,1,,4142,,,411501,1,SN1571,SN16,681,681,1146,1146,,
50,1,1,,4143,1,4143,,,,,,,,,,
51,1,1,,4143,,,411508,1,SN16,SN5283,495,495,920,920,,
50,1,1,,4144,1,4144,,,,,,,,,,
51,1,1,,4144,,,411508,1,SN5283,SN16,935,935,1384,1384,,
50,1,1,,4145,1,4145,,,,,,,,,,
51,1,1,,4145,,,412003,1,SN16,SN16,1175,1175,1553,1553,,
50,1,1,,4146,1,4146,,,,,,,,,,
51,1,1,,4146,,,421401,1,SN16,SN20015,372,372,771,771,,
50,1,1,,4147,1,4147,,,,,,,,,,
51,1,1,,4147,,,421401,1,SN6216,SN16,781,781,1216,1216,,
50,1,1,,4148,1,4148,,,,,,,,,,
51,1,1,,4148,,,411003,1,SN556,SN16,1010,1010,1470,1470,,
50,1,1,,4149,1,4149,,,,,,,,,,
51,1,1,,4149,,,411003,1,SN556,SN556,651,651,1000,1000,,
50,1,1,,4150,1,4150,,,,,,,,,,
51,1,1,,4150,,,411003,1,SN16,SN556,291,291,638,638,,
50,1,1,,4151,1,4151,,,,,,,,,,
51,1,1,,4151,,,420602,1,SN1571,SN1571,639,639,1086,1086,,
50,1,1,,4152,1,4152,,,,,,,,,,
51,1,1,,4152,,,420801,1,SN6144,SN16,1155,1155,1602,1602,,
50,1,1,,4153,1,4153,,,,,,,,,,
51,1,1,,4153,,,421801,1,SN3872,SN5731,717,717,1040,1040,,
50,1,1,,4154,1,4154,,,,,,,,,,
51,1,1,,4154,,,420801,1,SN16,SN3419,271,271,698,698,,
50,1,1,SIMM FX,4155,1,4155,,,,,,,,,,
51,1,1,SIMM FX,4155,,,421801,1,SN16,SN3872,280,280,709,709,,
50,1,1,,4156,1,4156,,,,,,,,,,
51,1,1,,4156,,,412002,1,SN16,SN6542,556,556,911,911,,
50,1,1,,4157,1,4157,,,,,,,,,,
51,1,1,,4157,,,421501,1,SN6214,SN16,1117,1117,1508,1508,,
50,1,1,,4158,1,4158,,,,,,,,,,
51,1,1,,4158,,,421501,1,SN16,SN20015,268,268,668,668,,
50,1,1,,4159,1,4159,,,,,,,,,,
51,1,1,,4159,,,421501,1,SN6216,SN20015,688,688,1101,1101,,
50,1,1,,4160,1,4160,,,,,,,,,,
51,1,1,,4160,,,410202,1,SN2017,SN16,773,773,1142,1142,,
50,1,1,,4161,1,4161,,,,,,,,,,
51,1,1,,4161,,,420702,1,SN6549,SN16,826,826,1238,1238,,
50,1,1,,4162,1,4162,,,,,,,,,,
51,1,1,,4162,,,410201,1,SN16,SN3970,245,245,863,863,,
50,1,1,,4163,1,4163,,,,,,,,,,
51,1,1,,4163,,,410201,1,SN3970,SN16,877,877,1298,1298,,
50,1,1,,4164,1,4164,,,,,,,,,,
51,1,1,,4164,,,422001,1,SN7125,SN16,697,697,1066,1066,,
50,1,1,,4165,1,4165,,,,,,,,,,
51,1,1,,4165,,,422001,1,SN16,SN7125,262,262,678,678,,
50,1,1,,4166,1,4166,,,,,,,,,,
51,1,1,,4166,,,420603,1,SN6479,SN16,799,799,1336,1336,,
50,1,1,,4167,1,4167,,,,,,,,,,
51,1,1,,4167,,,420603,1,SN16,SN6479,205,205,781,781,,
50,1,1,,4168,1,4168,,,,,,,,,,
51,1,1,,4168,,,420802,1,SN6144,SN16,919,919,1541,1541,,
50,1,1,,4169,1,4169,,,,,,,,,,
51,1,1,,4169,,,420802,1,SN16,SN6144,288,288,906,906,,
50,1,1,,4170,1,4170,,,,,,,,,,
51,1,1,,4170,,,420304,1,SN5943,SN16,1051,1051,1495,1495,,
50,1,1,,4171,1,4171,,,,,,,,,,
51,1,1,,4171,,,420310,1,SN5943,SN16,859,859,1444,1444,,
50,1,1,,4172,1,4172,,,,,,,,,,
51,1,1,,4172,,,420803,1,SN16,SN3419,327,327,938,938,,
50,1,1,,4173,1,4173,,,,,,,,,,
51,1,1,,4173,,,420803,1,SN3419,SN16,951,951,1563,1563,,
50,1,1,,4174,1,4174,,,,,,,,,,
51,1,1,,4174,,,420307,1,SN5943,SN1571,838,838,1173,1173,,
50,1,1,,4175,1,4175,,,,,,,,,,
51,1,1,,4175,,,420307,1,SN16,SN5943,376,376,823,823,,
50,1,1,,4176,1,4176,,,,,,,,,,
51,1,1,,4176,,,420307,1,SN1571,SN16,1194,1194,1590,1590,,
50,1,1,,4177,1,4177,,,,,,,,,,
51,1,1,,4177,,,420902,1,SN16,SN2645,343,343,790,790,,
50,1,1,,4178,1,4178,,,,,,,,,,
51,1,1,,4178,,,420902,1,SN2645,SN16,806,806,1248,1248,,
50,1,1,,4179,1,4179,,,,,,,,,,
51,1,1,,4179,,,411307,1,SN16,SN20016,539,539,1151,1151,,
50,1,1,,4180,1,4180,,,,,,,,,,
51,1,1,,4180,,,411307,1,SN6228,SN16,1172,1172,1547,1547,,
50,1,1,,4181,1,4181,,,,,,,,,,
51,1,1,,4181,,,410605,1,SN5475,SN16,808,808,1235,1235,,
50,1,1,,4182,1,4182,,,,,,,,,,
51,1,1,,4182,,,411308,1,SN6228,SN16,1090,1090,1448,1448,,
50,1,1,,4183,1,4183,,,,,,,,,,
51,1,1,,4183,,,411308,1,SN16,SN20016,669,669,1079,1079,,
50,1,1,,4184,1,4184,,,,,,,,,,
51,1,1,,4184,,,410203,1,SN3970,SN16,772,772,1135,1135,,
50,1,1,,4185,1,4185,,,,,,,,,,
51,1,1,,4185,,,410203,1,SN16,SN3970,364,364,753,753,,
50,1,1,,4186,1,4186,,,,,,,,,,
51,1,1,,4186,,,420304,1,SN1571,SN5943,702,702,1033,1033,,
50,1,1,,4187,1,4187,,,,,,,,,,
51,1,1,,4187,,,420601,1,SN5943,SN16,1131,1131,1568,1568,,
50,1,1,,4188,1,4188,,,,,,,,,,
51,1,1,,4188,,,420601,1,SN1571,SN5943,558,558,1117,1117,,
50,1,1,,4189,1,4189,,,,,,,,,,
51,1,1,,4189,,,420304,1,SN16,SN1571,276,276,681,681,,
50,1,1,,4190,1,4190,,,,,,,,,,
51,1,1,,4190,,,420306,1,SN5943,SN16,922,922,1389,1389,,
50,1,1,,4191,1,4191,,,,,,,,,,
51,1,1,,4191,,,420306,1,SN16,SN5943,356,356,907,907,,
50,1,1,,4192,1,4192,,,,,,,,,,
51,1,1,,4192,,,411306,1,SN16,SN20016,538,538,993,993,,
50,1,1,,4193,1,4193,,,,,,,,,,
51,1,1,,4193,,,411306,1,SN6228,SN16,1015,1015,1388,1388,,
50,1,1,,4194,1,4194,,,,,,,,,,
51,1,1,,4194,,,410604,1,SN16,SN5474,344,344,954,954,,
50,1,1,,4195,1,4195,,,,,,,,,,
51,1,1,,4195,,,410604,1,SN5474,SN16,963,963,1495,1495,,
50,1,1,,4196,1,4196,,,,,,,,,,
51,1,1,,4196,,,411105,1,SN3274,SN16,677,677,1136,1136,,
50,1,1,,4197,1,4197,,,,,,,,,,
51,1,1,,4197,,,410606,1,SN3419,SN16,884,884,1347,1347,,
50,1,1,,4198,1,4198,,,,,,,,,,
51,1,1,,4198,,,410606,1,SN16,SN3419,288,288,876,876,,
50,1,1,,4199,1,4199,,,,,,,,,,
51,1,1,,4199,,,410204,1,SN3970,SN16,947,947,1343,1343,,
50,1,1,,4200,1,4200,,,,,,,,,,
51,1,1,,4200,,,410204,1,SN16,SN3970,405,405,934,934,,
50,1,1,,4201,1,4201,,,,,,,,,,
51,1,1,,4201,,,490403,1,SN16,SN20015,400,400,939,939,,
50,1,1,,4202,1,4202,,,,,,,,,,
51,1,1,,4202,,,490403,1,SN6215,SN16,950,950,1347,1347,,
50,1,1,,4203,1,4203,,,,,,,,,,
51,1,1,,4203,,,410202,1,SN16,SN2017,267,267,760,760,,
50,1,1,,4204,1,4204,,,,,,,,,,
51,1,1,,4204,,,421007,1,SN16,SN1496,386,386,763,763,,
50,1,1,,4205,1,4205,,,,,,,,,,
51,1,1,,4205,,,421007,1,SN1496,SN16,775,775,1148,1148,,
50,1,1,,4206,1,4206,,,,,,,,,,
51,1,1,,4206,,,410503,1,SN6215,SN16,830,830,1419,1419,,
50,1,1,,4207,1,4207,,,,,,,,,,
51,1,1,,4207,,,411303,1,SN6228,SN20016,596,596,1136,1136,,
50,1,1,,4208,1,4208,,,,,,,,,,
51,1,1,,4208,,,411303,1,SN6228,SN16,1152,1152,1606,1606,,
50,1,1,,4209,1,4209,,,,,,,,,,
51,1,1,,4209,,,410601,1,SN5474,SN16,1084,1084,1525,1525,,
50,1,1,,4210,1,4210,,,,,,,,,,
51,1,1,,4210,,,410601,1,SN5474,SN5474,664,664,1074,1074,,
50,1,1,,4211,1,4211,,,,,,,,,,
51,1,1,,4211,,,421008,1,SN2770,SN16,1022,1022,1616,1616,,
50,1,1,,4212,1,4212,,,,,,,,,,
51,1,1,,4212,,,421008,1,SN16,SN2770,545,545,1011,1011,,
50,1,1,,4213,1,4213,,,,,,,,,,
51,1,1,,4213,,,411106,1,SN16,SN6775,404,404,929,929,,
50,1,1,SIMM FX,4214,1,4214,,,,,,,,,,
51,1,1,SIMM FX,4214,,,421802,1,SN16,SN3872,280,280,927,927,,
50,1,1,,4215,1,4215,,,,,,,,,,
51,1,1,,4215,,,420309,1,SN16,SN16,700,700,1173,1173,,
50,1,1,,4216,1,4216,,,,,,,,,,
51,1,1,,4216,,,411310,1,SN6228,SN16,670,670,1019,1019,,
50,1,1,,4217,1,4217,,,,,,,,,,
51,1,1,,4217,,,411310,1,SN16,SN20016,257,257,660,660,,
50,1,1,,4218,1,4218,,,,,,,,,,
51,1,1,,4218,,,490402,1,SN16,SN20016,344,344,778,778,,
50,1,1,,4219,1,4219,,,,,,,,,,
51,1,1,,4219,,,490402,1,SN6214,SN20015,787,787,1230,1230,,
50,1,1,,4220,1,4220,,,,,,,,,,
51,1,1,,4220,,,411503,1,SN677,SN16,1168,1168,1609,1609,,
50,1,1,,4221,1,4221,,,,,,,,,,
51,1,1,,4221,,,420602,1,SN16,SN1571,145,145,627,627,,
50,1,1,,4222,1,4222,,,,,,,,,,
51,1,1,,4222,,,411501,1,SN16,SN1571,152,152,654,654,,
50,1,1,,4223,1,4223,,,,,,,,,,
51,1,1,,4223,,,420601,1,SN16,SN1571,85,85,545,545,,
50,1,1,,4400,2,4400,,,,,,,,,,
51,1,1,,4400,,,411503,1,SN677,SN677,746,746,1155,1155,,
51,1,1,,4400,,,411512,2,SN16,SN16,1286,1286,1469,1469,,
50,1,1,,4501,1,4501,,,,,,,,,,
51,1,1,,4501,,,420202,1,SN19,SN5730,100,100,733,733,,
50,1,1,,4502,1,4502,,,,,,,,,,
51,1,1,,4502,,,420103,1,SN19,SN5745,104,104,567,567,,
50,1,1,,4503,1,4503,,,,,,,,,,
51,1,1,,4503,,,410901,1,SN19,SN5745,117,117,723,723,,
50,1,1,,4504,1,4504,,,,,,,,,,
51,1,1,,4504,,,420204,1,SN19,SN5730,160,160,793,793,,
50,1,1,,4505,1,4505,,,,,,,,,,
51,1,1,,4505,,,410903,1,SN19,SN6552,177,177,618,618,,
50,1,1,,4506,1,4506,,,,,,,,,,
51,1,1,,4506,,,410904,1,SN19,SN6552,207,207,802,802,,
50,1,1,,4507,1,4507,,,,,,,,,,
51,1,1,,4507,,,410801,1,SN19,SN6552,252,252,892,892,,
50,1,1,,4508,1,4508,,,,,,,,,,
51,1,1,,4508,,,410906,1,SN19,SN6158,267,267,887,887,,
50,1,1,,4509,1,4509,,,,,,,,,,
51,1,1,,4509,,,420206,1,SN19,SN5730,300,300,899,899,,
50,1,1,,4510,1,4510,,,,,,,,,,
51,1,1,,4510,,,422103,1,SN19,SN7063,294,294,689,689,,
50,1,1,,4511,1,4511,,,,,,,,,,
51,1,1,,4511,,,422102,1,SN19,SN7074,313,313,935,935,,
50,1,1,,4512,1,4512,,,,,,,,,,
51,1,1,,4512,,,420208,1,SN19,SN5730,354,354,960,960,,
50,1,1,,4513,1,4513,,,,,,,,,,
51,1,1,,4513,,,450407,1,SN19,SN6480,374,374,830,830,,
50,1,1,,4514,1,4514,,,,,,,,,,
51,1,1,,4514,,,410910,1,SN19,SN19,527,527,1183,1183,,
50,1,1,,4515,1,4515,,,,,,,,,,
51,1,1,,4515,,,420103,1,SN5745,SN6689,582,582,1116,1116,,
50,1,1,,4516,1,4516,,,,,,,,,,
51,1,1,,4516,,,410911,1,SN19,SN6552,618,618,1087,1087,,
50,1,1,,4517,1,4517,,,,,,,,,,
51,1,1,,4517,,,410312,1,SN19,SN7103,717,717,1265,1265,,
50,1,1,,4518,1,4518,,,,,,,,,,
51,1,1,,4518,,,410901,1,SN5745,SN19,737,737,1378,1378,,
50,1,1,,4519,1,4519,,,,,,,,,,
51,1,1,,4519,,,450402,1,SN6480,SN19,740,740,1380,1380,,
50,1,1,,4520,1,4520,,,,,,,,,,
51,1,1,,4520,,,422104,1,SN7063,SN19,775,775,1356,1356,,
50,1,1,,4521,1,4521,,,,,,,,,,
51,1,1,,4521,,,420106,1,SN5745,SN19,777,777,1414,1414,,
50,1,1,,4522,1,4522,,,,,,,,,,
51,1,1,,4522,,,421703,1,SN6042,SN19,793,793,1465,1465,,
50,1,1,,4523,1,4523,,,,,,,,,,
51,1,1,,4523,,,411901,1,SN6040,SN19,836,836,1386,1386,,
50,1,1,,4524,1,4524,,,,,,,,,,
51,1,1,,4524,,,410401,1,SN6038,SN19,864,864,1496,1496,,
50,1,1,,4525,1,4525,,,,,,,,,,
51,1,1,,4525,,,422105,1,SN7063,SN19,895,895,1503,1503,,
50,1,1,,4526,1,4526,,,,,,,,,,
51,1,1,,4526,,,450304,1,SN6226,SN19,897,897,1390,1390,,
50,1,1,,4527,1,4527,,,,,,,,,,
51,1,1,,4527,,,412202,1,SN6042,SN19,913,913,1547,1547,,
50,1,1,,4528,1,4528,,,,,,,,,,
51,1,1,,4528,,,420208,1,SN5730,SN19,972,972,1643,1643,,
50,1,1,,4529,1,4529,,,,,,,,,,
51,1,1,,4529,,,420105,1,SN6689,SN19,1011,1011,1519,1519,,
50,1,1,,4530,1,4530,,,,,,,,,,
51,1,1,,4530,,,420210,1,SN5730,SN19,1135,1135,1615,1615,,
50,1,1,,4531,1,4531,,,,,,,,,,
51,1,1,,4531,,,410310,1,SN19,SN19,1379,1379,1463,1463,,
50,1,1,,4532,1,4532,,,,,,,,,,
51,1,1,,4532,,,421205,1,SN6545,SN19,958,958,1519,1519,,
50,1,1,,4533,1,4533,,,,,,,,,,
51,1,1,,4533,,,450307,1,SN19,SN6390,314,314,963,963,,
50,1,1,,4534,1,4534,,,,,,,,,,
51,1,1,,4534,,,450307,1,SN6390,SN19,974,974,1545,1545,,
50,1,1,,4535,1,4535,,,,,,,,,,
51,1,1,,4535,,,450401,1,SN6480,SN1862,445,445,1060,1060,,
50,1,1,,4536,1,4536,,,,,,,,,,
51,1,1,,4536,,,450401,1,SN19,SN6480,26,26,427,427,,
50,1,1,,4537,1,4537,,,,,,,,,,
51,1,1,,4537,,,450401,1,SN1862,SN19,1073,1073,1525,1525,,
50,1,1,,4538,1,4538,,,,,,,,,,
51,1,1,,4538,,,421204,1,SN19,SN19,618,618,1231,1231,,
50,1,1,,4539,1,4539,,,,,,,,,,
51,1,1,,4539,,,420103,1,SN6689,SN19,1130,1130,1596,1596,,
50,1,1,,4540,1,4540,,,,,,,,,,
51,1,1,,4540,,,410406,1,SN19,SN6552,568,568,1027,1027,,
50,1,1,,4541,1,4541,,,,,,,,,,
51,1,1,,4541,,,410406,1,SN6038,SN19,1044,1044,1565,1565,,
50,1,1,,4542,1,4542,,,,,,,,,,
51,1,1,,4542,,,410301,1,SN19,SN19,28,28,554,554,,
50,1,1,,4543,1,4543,,,,,,,,,,
51,1,1,,4543,,,410902,1,SN19,SN20016,147,147,590,590,,
50,1,1,,4544,1,4544,,,,,,,,,,
51,1,1,,4544,,,410902,1,SN6226,SN19,612,612,1188,1188,,
50,1,1,,4545,1,4545,,,,,,,,,,
51,1,1,,4545,,,420102,1,SN19,SN5730,88,88,672,672,,
50,1,1,,4546,1,4546,,,,,,,,,,
51,1,1,,4546,,,420102,1,SN5730,SN19,694,694,1144,1144,,
50,1,1,,4547,2,4547,,,,,,,,,,
51,1,1,,4547,,,411904,1,SN19,SN19,425,425,591,591,,
51,1,1,,4547,,,411909,2,SN19,SN19,719,719,1072,1072,,
50,1,1,,4548,1,4548,,,,,,,,,,
51,1,1,,4548,,,420209,1,SN19,SN5730,486,486,1020,1020,,
50,1,1,,4549,1,4549,,,,,,,,,,
51,1,1,,4549,,,420209,1,SN5730,SN19,1033,1033,1557,1557,,
50,1,1,,4550,1,4550,,,,,,,,,,
51,1,1,,4550,,,450301,1,SN5458,SN6480,279,279,890,890,,
50,1,1,,4551,1,4551,,,,,,,,,,
51,1,1,,4551,,,422101,1,SN19,SN7063,327,327,805,805,,
50,1,1,,4553,1,4553,,,,,,,,,,
51,1,1,,4553,,,450301,1,SN6480,SN19,900,900,1523,1523,,
50,1,1,,4554,1,4554,,,,,,,,,,
51,1,1,,4554,,,422101,1,SN7063,SN19,835,835,1474,1474,,
50,1,1,,4555,1,4555,,,,,,,,,,
51,1,1,,4555,,,450407,1,SN6480,SN19,840,840,1472,1472,,
50,1,1,,4556,1,4556,,,,,,,,,,
51,1,1,,4556,,,410302,1,SN19,SN19,88,88,689,689,,
50,1,1,,4557,1,4557,,,,,,,,,,
51,1,1,,4557,,,421206,1,SN19,SN6545,658,658,1063,1063,,
50,1,1,,4558,1,4558,,,,,,,,,,
51,1,1,,4558,,,421206,1,SN6545,SN19,1078,1078,1544,1544,,
50,1,1,,4559,1,4559,,,,,,,,,,
51,1,1,,4559,,,420211,1,SN19,SN5730,530,530,1065,1065,,
50,1,1,,4560,1,4560,,,,,,,,,,
51,1,1,,4560,,,420211,1,SN5730,SN19,1079,1079,1587,1587,,
50,1,1,,4561,1,4561,,,,,,,,,,
51,1,1,,4561,,,410903,1,SN6040,SN19,628,628,1182,1182,,
50,1,1,,4562,1,4562,,,,,,,,,,
51,1,1,,4562,,,420105,1,SN19,SN5745,164,164,802,802,,
50,1,1,,4564,1,4564,,,,,,,,,,
51,1,1,,4564,,,411907,1,SN19,SN19,604,604,1128,1128,,
50,1,1,,4565,1,4565,,,,,,,,,,
51,1,1,,4565,,,450302,1,SN6226,SN20016,669,669,1035,1035,,
50,1,1,,4566,1,4566,,,,,,,,,,
51,1,1,,4566,,,450302,1,SN6226,SN19,1049,1049,1607,1607,,
50,1,1,,4567,1,4567,,,,,,,,,,
51,1,1,,4567,,,450302,1,SN19,SN20016,140,140,651,651,,
50,1,1,,4568,1,4568,,,,,,,,,,
51,1,1,,4568,,,410404,1,SN6040,SN19,894,894,1300,1300,,
50,1,1,,4569,1,4569,,,,,,,,,,
51,1,1,,4569,,,410404,1,SN19,SN6552,362,362,878,878,,
50,1,1,,4570,1,4570,,,,,,,,,,
51,1,1,,4570,,,412202,1,SN19,SN6552,312,312,893,893,,
50,1,1,,4571,1,4571,,,,,,,,,,
51,1,1,,4571,,,450406,1,SN1862,SN19,952,952,1560,1560,,
50,1,1,,4572,1,4572,,,,,,,,,,
51,1,1,,4572,,,450406,1,SN19,SN1862,320,320,940,940,,
50,1,1,,4573,1,4573,,,,,,,,,,
51,1,1,,4573,,,410303,1,SN19,SN7103,274,274,923,923,,
50,1,1,,4574,2,4574,,,,,,,,,,
51,1,1,,4574,,,410303,1,SN7103,SN19,935,935,1130,1130,,
51,1,1,,4574,,,410312,2,SN7103,SN19,1283,1283,1521,1521,,
50,1,1,,4575,1,4575,,,,,,,,,,
51,1,1,,4575,,,421201,1,SN6545,SN19,998,998,1571,1571,,
50,1,1,,4577,1,4577,,,,,,,,,,
51,1,1,,4577,,,421201,1,SN19,SN6544,274,274,776,776,,
50,1,1,,4578,1,4578,,,,,,,,,,
51,1,1,,4578,,,420210,1,SN19,SN5730,503,503,1124,1124,,
50,1,1,,4579,1,4579,,,,,,,,,,
51,1,1,,4579,,,420204,1,SN5730,SN19,808,808,1441,1441,,
50,1,1,,4580,1,4580,,,,,,,,,,
51,1,1,,4580,,,420104,1,SN19,SN6689,148,148,797,797,,
50,1,1,,4581,1,4581,,,,,,,,,,
51,1,1,,4581,,,420104,1,SN5745,SN19,976,976,1506,1506,,
50,1,1,,4584,1,4584,,,,,,,,,,
51,1,1,,4584,,,450303,1,SN6226,SN19,1149,1149,1605,1605,,
50,1,1,,4585,1,4585,,,,,,,,,,
51,1,1,,4585,,,450303,1,SN6226,SN20016,764,764,1130,1130,,
50,1,1,,4586,1,4586,,,,,,,,,,
51,1,1,,4586,,,450303,1,SN19,SN20016,200,200,750,750,,
50,1,1,,4588,1,4588,,,,,,,,,,
51,1,1,,4588,,,410403,1,SN19,SN6552,302,302,968,968,,
50,1,1,,4589,1,4589,,,,,,,,,,
51,1,1,,4589,,,412201,1,SN6040,SN19,806,806,1217,1217,,
50,1,1,,4590,1,4590,,,,,,,,,,
51,1,1,,4590,,,412201,1,SN19,SN6552,289,289,790,790,,
50,1,1,,4591,1,4591,,,,,,,,,,
51,1,1,,4591,,,450405,1,SN19,SN6480,311,311,930,930,,
50,1,1,,4592,1,4592,,,,,,,,,,
51,1,1,,4592,,,450405,1,SN6480,SN19,940,940,1468,1468,,
50,1,1,,4593,2,4593,,,,,,,,,,
51,1,1,,4593,,,410304,1,SN7103,SN19,823,823,1138,1138,,
51,1,1,,4593,,,410309,2,SN19,SN19,1228,1228,1522,1522,,
50,1,1,,4594,1,4594,,,,,,,,,,
51,1,1,,4594,,,410304,1,SN19,SN7103,305,305,811,811,,
50,1,1,,4595,1,4595,,,,,,,,,,
51,1,1,,4595,,,450304,1,SN19,SN20016,246,246,883,883,,
50,1,1,,4596,1,4596,,,,,,,,,,
51,1,1,,4596,,,410803,1,SN6158,SN19,1026,1026,1547,1547,,
50,1,1,,4597,1,4597,,,,,,,,,,
51,1,1,,4597,,,410803,1,SN19,SN6158,394,394,1007,1007,,
50,1,1,,4598,1,4598,,,,,,,,,,
51,1,1,,4598,,,420107,1,SN19,SN6689,394,394,838,838,,
50,1,1,,4599,1,4599,,,,,,,,,,
51,1,1,,4599,,,420107,1,SN6689,SN19,852,852,1369,1369,,
50,1,1,,4600,1,4600,,,,,,,,,,
51,1,1,,4600,,,411901,1,SN19,SN6552,268,268,820,820,,
50,1,1,,4601,1,4601,,,,,,,,,,
51,1,1,,4601,,,450404,1,SN19,SN1862,293,293,900,900,,
50,1,1,,4602,1,4602,,,,,,,,,,
51,1,1,,4602,,,450404,1,SN1862,SN19,912,912,1364,1364,,
50,1,1,,4603,1,4603,,,,,,,,,,
51,1,1,,4603,,,410305,1,SN7103,SN19,795,795,1344,1344,,
50,1,1,,4604,1,4604,,,,,,,,,,
51,1,1,,4604,,,410305,1,SN19,SN7103,314,314,783,783,,
50,1,1,,4605,1,4605,,,,,,,,,,
51,1,1,,4605,,,421203,1,SN19,SN1078,282,282,912,912,,
50,1,1,,4606,1,4606,,,,,,,,,,
51,1,1,,4606,,,421203,1,SN1078,SN19,925,925,1532,1532,,
50,1,1,,4607,1,4607,,,,,,,,,,
51,1,1,,4607,,,420109,1,SN19,SN1819,375,375,984,984,,
50,1,1,,4608,1,4608,,,,,,,,,,
51,1,1,,4608,,,420109,1,SN1819,SN19,997,997,1579,1579,,
50,1,1,,4609,1,4609,,,,,,,,,,
51,1,1,,4609,,,420202,1,SN5730,SN19,751,751,1383,1383,,
50,1,1,,4610,1,4610,,,,,,,,,,
51,1,1,,4610,,,410908,1,SN6043,SN19,745,745,1140,1140,,
50,1,1,,4611,1,4611,,,,,,,,,,
51,1,1,,4611,,,410906,1,SN6158,SN19,906,906,1538,1538,,
50,1,1,,4612,1,4612,,,,,,,,,,
51,1,1,,4612,,,410802,1,SN6043,SN19,805,805,1379,1379,,
50,1,1,,4613,1,4613,,,,,,,,,,
51,1,1,,4613,,,410802,1,SN19,SN6552,255,255,787,787,,
50,1,1,,4614,1,4614,,,,,,,,,,
51,1,1,,4614,,,420106,1,SN19,SN5745,336,336,762,762,,
50,1,1,,4615,1,4615,,,,,,,,,,
51,1,1,,4615,,,450311,1,SN6226,SN19,935,935,1324,1324,,
50,1,1,,4616,1,4616,,,,,,,,,,
51,1,1,,4616,,,450311,1,SN19,SN20016,538,538,921,921,,
50,1,1,,4617,1,4617,,,,,,,,,,
51,1,1,,4617,,,410401,1,SN19,SN6552,255,255,847,847,,
50,1,1,,4618,1,4618,,,,,,,,,,
51,1,1,,4618,,,410306,1,SN19,SN7103,383,383,839,839,,
50,1,1,,4620,1,4620,,,,,,,,,,
51,1,1,,4620,,,421202,1,SN19,SN6545,245,245,903,903,,
50,1,1,,4621,1,4621,,,,,,,,,,
51,1,1,,4621,,,421202,1,SN6545,SN19,918,918,1406,1406,,
50,1,1,,4622,1,4622,,,,,,,,,,
51,1,1,,4622,,,420108,1,SN19,SN6689,343,343,878,878,,
50,1,1,,4623,1,4623,,,,,,,,,,
51,1,1,,4623,,,420108,1,SN6689,SN19,892,892,1409,1409,,
50,1,1,,4624,1,4624,,,,,,,,,,
51,1,1,,4624,,,420203,1,SN19,SN5730,130,130,581,581,,
50,1,1,,4625,1,4625,,,,,,,,,,
51,1,1,,4625,,,420203,1,SN5730,SN19,595,595,1127,1127,,
50,1,1,,4626,1,4626,,,,,,,,,,
51,1,1,,4626,,,410804,1,SN6158,SN19,876,876,1408,1408,,
50,1,1,,4627,1,4627,,,,,,,,,,
51,1,1,,4627,,,410907,1,SN6220,SN19,962,962,1579,1579,,
50,1,1,,4628,1,4628,,,,,,,,,,
51,1,1,,4628,,,410907,1,SN19,SN6158,303,303,947,947,,
50,1,1,,4629,1,4629,,,,,,,,,,
51,1,1,,4629,,,410804,1,SN19,SN6158,422,422,857,857,,
50,1,1,,4631,1,4631,,,,,,,,,,
51,1,1,,4631,,,410801,1,SN6043,SN19,1175,1175,1637,1637,,
50,1,1,,4633,1,4633,,,,,,,,,,
51,1,1,,4633,,,422105,1,SN19,SN7063,293,293,866,866,,
50,1,1,,4634,1,4634,,,,,,,,,,
51,1,1,,4634,,,410307,1,SN19,SN19,571,571,1052,1052,,
50,1,1,,4635,1,4635,,,,,,,,,,
51,1,1,,4635,,,450308,1,SN6390,SN19,1012,1012,1641,1641,,
50,1,1,,4636,1,4636,,,,,,,,,,
51,1,1,,4636,,,450308,1,SN19,SN6390,354,354,1001,1001,,
50,1,1,,4637,1,4637,,,,,,,,,,
51,1,1,,4637,,,410904,1,SN6043,SN19,820,820,1464,1464,,
50,1,1,,4639,1,4639,,,,,,,,,,
51,1,1,,4639,,,450409,1,SN6480,SN19,880,880,1340,1340,,
50,1,1,,4640,1,4640,,,,,,,,,,
51,1,1,,4640,,,450409,1,SN19,SN6480,413,413,870,870,,
50,1,1,,4641,1,4641,,,,,,,,,,
51,1,1,,4641,,,421701,1,SN6040,SN19,924,924,1594,1594,,
50,1,1,,4642,1,4642,,,,,,,,,,
51,1,1,,4642,,,421701,1,SN19,SN6552,251,251,908,908,,
50,1,1,,4643,1,4643,,,,,,,,,,
51,1,1,,4643,,,422104,1,SN19,SN7063,280,280,747,747,,
50,1,1,,4644,1,4644,,,,,,,,,,
51,1,1,,4644,,,420201,1,SN5730,SN19,1064,1064,1499,1499,,
50,1,1,,4645,1,4645,,,,,,,,,,
51,1,1,,4645,,,420201,1,SN19,SN5730,70,70,523,523,,
50,1,1,,4646,1,4646,,,,,,,,,,
51,1,1,,4646,,,420201,1,SN5730,SN5730,536,536,1050,1050,,
50,1,1,,4647,1,4647,,,,,,,,,,
51,1,1,,4647,,,450309,1,SN6390,SN19,936,936,1535,1535,,
50,1,1,,4648,1,4648,,,,,,,,,,
51,1,1,,4648,,,450309,1,SN19,SN6390,343,343,925,925,,
50,1,1,,4649,1,4649,,,,,,,,,,
51,1,1,,4649,,,410905,1,SN19,SN6552,237,237,716,716,,
50,1,1,,4650,1,4650,,,,,,,,,,
51,1,1,,4650,,,410905,1,SN6043,SN19,730,730,1369,1369,,
50,1,1,,4651,1,4651,,,,,,,,,,
51,1,1,,4651,,,410911,1,SN6043,SN19,1106,1106,1581,1581,,
50,1,1,,4652,1,4652,,,,,,,,,,
51,1,1,,4652,,,450408,1,SN19,SN1862,407,407,860,860,,
50,1,1,,4653,1,4653,,,,,,,,,,
51,1,1,,4653,,,450408,1,SN1862,SN19,872,872,1498,1498,,
50,1,1,,4654,1,4654,,,,,,,,,,
51,1,1,,4654,,,421702,1,SN6029,SN19,835,835,1475,1475,,
50,1,1,,4655,1,4655,,,,,,,,,,
51,1,1,,4655,,,421702,1,SN19,SN6552,302,302,813,813,,
50,1,1,,4657,1,4657,,,,,,,,,,
51,1,1,,4657,,,422103,1,SN7074,SN19,1024,1024,1458,1458,,
50,1,1,,4658,1,4658,,,,,,,,,,
51,1,1,,4658,,,420206,1,SN5730,SN19,912,912,1452,1452,,
50,1,1,,4659,1,4659,,,,,,,,,,
51,1,1,,4659,,,421703,1,SN19,SN6552,354,354,772,772,,
50,1,1,,4660,1,4660,,,,,,,,,,
51,1,1,,4660,,,422102,1,SN7074,SN19,964,964,1501,1501,,
50,1,1,,4661,1,4661,,,,,,,,,,
51,1,1,,4661,,,411703,1,SN19,SN6552,318,318,953,953,,
50,1,1,,4662,1,4662,,,,,,,,,,
51,1,1,,4662,,,411703,1,SN6042,SN19,973,973,1522,1522,,
50,1,1,,4663,1,4663,,,,,,,,,,
51,1,1,,4663,,,411908,1,SN19,SN19,664,664,1188,1188,,
50,1,1,,4664,1,4664,,,,,,,,,,
51,1,1,,4664,,,450305,1,SN1136,SN19,917,917,1551,1551,,
50,1,1,,4665,1,4665,,,,,,,,,,
51,1,1,,4665,,,450305,1,SN19,SN1136,256,256,897,897,,
50,1,1,,4666,1,4666,,,,,,,,,,
51,1,1,,4666,,,410909,1,SN19,SN6552,501,501,967,967,,
50,1,1,,4667,1,4667,,,,,,,,,,
51,1,1,,4667,,,410909,1,SN6043,SN19,985,985,1381,1381,,
50,1,1,,4668,1,4668,,,,,,,,,,
51,1,1,,4668,,,410311,1,SN7103,SN19,963,963,1478,1478,,
50,1,1,,4669,1,4669,,,,,,,,,,
51,1,1,,4669,,,411702,1,SN19,SN6552,265,265,833,833,,
50,1,1,,4670,1,4670,,,,,,,,,,
51,1,1,,4670,,,411702,1,SN6042,SN19,853,853,1419,1419,,
50,1,1,,4671,1,4671,,,,,,,,,,
51,1,1,,4671,,,420207,1,SN19,SN5730,319,319,808,808,,
50,1,1,,4672,1,4672,,,,,,,,,,
51,1,1,,4672,,,420101,1,SN5745,SN19,857,857,1405,1405,,
50,1,1,,4674,1,4674,,,,,,,,,,
51,1,1,,4674,,,420101,1,SN6689,SN5745,354,354,842,842,,
50,1,1,,4675,1,4675,,,,,,,,,,
51,1,1,,4675,,,450306,1,SN6226,SN19,973,973,1466,1466,,
50,1,1,,4676,1,4676,,,,,,,,,,
51,1,1,,4676,,,450306,1,SN19,SN20016,293,293,959,959,,
50,1,1,,4677,1,4677,,,,,,,,,,
51,1,1,,4677,,,450402,1,SN19,SN6480,86,86,730,730,,
50,1,1,,4801,1,4801,,,,,,,,,,
51,1,1,,4801,,,430105,1,SN19,SN6028,182,182,794,794,,
50,1,1,,4802,1,4802,,,,,,,,,,
51,1,1,,4802,,,430108,1,SN19,SN6028,361,361,924,924,,
50,1,1,,4803,1,4803,,,,,,,,,,
51,1,1,,4803,,,430109,1,SN19,SN6028,521,521,1074,1074,,
50,1,1,,4804,1,4804,,,,,,,,,,
51,1,1,,4804,,,440101,1,SN19,SN19,672,672,1096,1096,,
50,1,1,,4805,1,4805,,,,,,,,,,
51,1,1,,4805,,,430117,1,SN19,SN19,1228,1228,1637,1637,,
50,1,1,,4806,1,4806,,,,,,,,,,
51,1,1,,4806,,,430114,1,SN6039,SN19,908,908,1454,1454,,
50,1,1,,4807,1,4807,,,,,,,,,,
51,1,1,,4807,,,430105,1,SN6039,SN19,808,808,1371,1371,,
50,1,1,,4808,1,4808,,,,,,,,,,
51,1,1,,4808,,,430110,1,SN19,SN6028,521,521,1140,1140,,
50,1,1,,4809,1,4809,,,,,,,,,,
51,1,1,,4809,,,430110,1,SN6039,SN19,1158,1158,1645,1645,,
50,1,1,,4810,1,4810,,,,,,,,,,
51,1,1,,4810,,,430106,1,SN6039,SN19,738,738,1370,1370,,
50,1,1,,4811,1,4811,,,,,,,,,,
51,1,1,,4811,,,430106,1,SN19,SN6028,210,210,723,723,,
50,1,1,,4812,1,4812,,,,,,,,,,
51,1,1,,4812,,,430102,1,SN6039,SN19,848,848,1459,1459,,
50,1,1,,4813,1,4813,,,,,,,,,,
51,1,1,,4813,,,430108,1,SN6039,SN19,938,938,1484,1484,,
50,1,1,,4814,1,4814,,,,,,,,,,
51,1,1,,4814,,,430107,1,SN6039,SN19,1018,1018,1538,1538,,
50,1,1,,4815,1,4815,,,,,,,,,,
51,1,1,,4815,,,430107,1,SN19,SN6028,348,348,1004,1004,,
50,1,1,,4816,1,4816,,,,,,,,,,
51,1,1,,4816,,,430109,1,SN6039,SN19,1088,1088,1657,1657,,
50,1,1,,4817,1,4817,,,,,,,,,,
51,1,1,,4817,,,430102,1,SN19,SN6028,170,170,834,834,,
50,1,1,,4818,1,4818,,,,,,,,,,
51,1,1,,4818,,,440102,1,SN19,SN19,701,701,1150,1150,,
50,1,1,,4819,1,4819,,,,,,,,,,
51,1,1,,4819,,,430113,1,SN6039,SN19,1108,1108,1543,1543,,
50,1,1,,4820,1,4820,,,,,,,,,,
51,1,1,,4820,,,430113,1,SN19,SN6028,624,624,1094,1094,,
50,1,1,,4821,1,4821,,,,,,,,,,
51,1,1,,4821,,,430118,1,SN6039,SN19,1208,1208,1617,1617,,
50,1,1,,4822,1,4822,,,,,,,,,,
51,1,1,,4822,,,430118,1,SN19,SN6028,565,565,1190,1190,,
50,1,1,,4823,1,4823,,,,,,,,,,
51,1,1,,4823,,,430103,1,SN19,SN6028,162,162,586,586,,
50,1,1,,4824,1,4824,,,,,,,,,,
51,1,1,,4824,,,430116,1,SN19,SN6028,717,717,1124,1124,,
50,1,1,,4825,1,4825,,,,,,,,,,
51,1,1,,4825,,,430116,1,SN6039,SN19,1138,1138,1625,1625,,
50,1,1,,4826,1,4826,,,,,,,,,,
51,1,1,,4826,,,430103,1,SN6039,SN19,599,599,1230,1230,,
50,1,1,,4827,1,4827,,,,,,,,,,
51,1,1,,4827,,,430115,1,SN6039,SN19,1188,1188,1601,1601,,
50,1,1,,4828,1,4828,,,,,,,,,,
51,1,1,,4828,,,430115,1,SN19,SN6028,698,698,1170,1170,,
50,1,1,,4829,1,4829,,,,,,,,,,
51,1,1,,4829,,,430101,1,SN6039,SN19,828,828,1446,1446,,
50,1,1,,4830,1,4830,,,,,,,,,,
51,1,1,,4830,,,430101,1,SN19,SN6028,150,150,814,814,,
50,1,1,,4831,1,4831,,,,,,,,,,
51,1,1,,4831,,,430112,1,SN6039,SN19,1038,1038,1489,1489,,
50,1,1,,4832,1,4832,,,,,,,,,,
51,1,1,,4832,,,430112,1,SN19,SN6028,553,553,1024,1024,,
50,1,1,,4833,2,4833,,,,,,,,,,
51,1,1,,4833,,,430104,1,SN19,SN19,190,190,564,564,,
51,1,1,,4833,,,430114,2,SN19,SN6028,648,648,894,894,,
50,1,1,,4834,1,4834,,,,,,,,,,
51,1,1,,4834,,,430111,1,SN19,SN6028,543,543,944,944,,
50,1,1,,4835,1,4835,,,,,,,,,,
51,1,1,,4835,,,430111,1,SN6039,SN19,958,958,1497,1497,,
50,1,1,,4401_0,1,4401_0,,,,,,,,,,
51,1,1,,4401_0,,,411302,1,SN16,SN20015,167,167,326,326,,
50,1,1,,4401_1,1,4401_1,,,,,,,,,,
51,1,1,,4401_1,,,411006,1,SN16,SN556,406,406,760,760,,
50,1,1,,4402_0,1,4402_0,,,,,,,,,,
51,1,1,,4402_0,,,410501,1,SN16,SN5474,189,189,474,474,,
50,1,1,,4402_1,1,4402_1,,,,,,,,,,
51,1,1,,4402_1,,,411510,1,SN16,SN5283,615,615,880,880,,
50,1,1,,4403_0,1,4403_0,,,,,,,,,,
51,1,1,,4403_0,,,411301,1,SN16,SN20016,137,137,613,613,,
50,1,1,,4403_1,1,4403_1,,,,,,,,,,
51,1,1,,4403_1,,,420310,1,SN16,SN5943,730,730,844,844,,
50,1,1,,4404_0,1,4404_0,,,,,,,,,,
51,1,1,,4404_0,,,411104,1,SN16,SN1571,298,298,599,599,,
50,1,1,,4404_1,1,4404_1,,,,,,,,,,
51,1,1,,4404_1,,,412103,1,SN6542,SN6542,695,695,961,961,,
50,1,1,,4405_0,1,4405_0,,,,,,,,,,
51,1,1,,4405_0,,,410603,1,SN5475,SN16,928,928,1216,1216,,
50,1,1,,4405_1,1,4405_1,,,,,,,,,,
51,1,1,,4405_1,,,410206,1,SN16,SN16,1302,1302,1546,1546,,
50,1,1,,4406_0,1,4406_0,,,,,,,,,,
51,1,1,,4406_0,,,420610,1,SN16,SN3692,354,354,643,643,,
50,1,1,,4406_1,1,4406_1,,,,,,,,,,
51,1,1,,4406_1,,,412102,1,SN6542,SN6542,755,755,1021,1021,,
50,1,1,,4407_0,1,4407_0,,,,,,,,,,
51,1,1,,4407_0,,,421002,1,SN16,SN1496,110,110,251,251,,
50,1,1,,4407_1,1,4407_1,,,,,,,,,,
51,1,1,,4407_1,,,411506,1,SN16,SN677,386,386,706,706,,
50,1,1,,4408_0,1,4408_0,,,,,,,,,,
51,1,1,,4408_0,,,412001,1,SN6542,SN6542,815,815,1081,1081,,
50,1,1,,4408_1,1,4408_1,,,,,,,,,,
51,1,1,,4408_1,,,411005,1,SN6377,SN16,1257,1257,1506,1506,,
50,1,1,,4409_0,1,4409_0,,,,,,,,,,
51,1,1,,4409_0,,,421001,1,SN16,SN1496,104,104,477,477,,
50,1,1,,4409_1,1,4409_1,,,,,,,,,,
51,1,1,,4409_1,,,420613,1,SN16,SN3692,608,608,824,824,,
50,1,1,,4410_0,1,4410_0,,,,,,,,,,
51,1,1,,4410_0,,,411001,1,SN16,SN556,73,73,198,198,,
50,1,1,,4410_1,1,4410_1,,,,,,,,,,
51,1,1,,4410_1,,,411105,1,SN16,SN6775,319,319,658,658,,
50,1,1,,4412_0,1,4412_0,,,,,,,,,,
51,1,1,,4412_0,,,411002,1,SN16,SN4229,133,133,335,335,,
50,1,1,,4412_1,1,4412_1,,,,,,,,,,
51,1,1,,4412_1,,,420702,1,SN16,SN6549,434,434,811,811,,
50,1,1,,4414_0,1,4414_0,,,,,,,,,,
51,1,1,,4414_0,,,412002,1,SN6542,SN16,935,935,1205,1205,,
50,1,1,,4414_1,1,4414_1,,,,,,,,,,
51,1,1,,4414_1,,,490407,1,SN16,SN16,1297,1297,1555,1555,,
50,1,1,,4416_0,1,4416_0,,,,,,,,,,
51,1,1,,4416_0,,,411303,1,SN16,SN20016,197,197,583,583,,
50,1,1,,4416_1,1,4416_1,,,,,,,,,,
51,1,1,,4416_1,,,411007,1,SN556,SN556,740,740,910,910,,
50,1,1,,4552_0,1,4552_0,,,,,,,,,,
51,1,1,,4552_0,,,450301,1,SN19,SN20016,83,83,235,235,,
50,1,1,,4552_1,1,4552_1,,,,,,,,,,
51,1,1,,4552_1,,,410908,1,SN19,SN6552,355,355,730,730,,
50,1,1,,4563_0,1,4563_0,,,,,,,,,,
51,1,1,,4563_0,,,420105,1,SN5745,SN6689,817,817,998,998,,
50,1,1,,4563_1,1,4563_1,,,,,,,,,,
51,1,1,,4563_1,,,410313,1,SN19,SN19,1123,1123,1407,1407,,
50,1,1,,4576_0,1,4576_0,,,,,,,,,,
51,1,1,,4576_0,,,421201,1,SN6544,SN6545,791,791,983,983,,
50,1,1,,4576_1,1,4576_1,,,,,,,,,,
51,1,1,,4576_1,,,410308,1,SN19,SN19,1078,1078,1422,1422,,
50,1,1,,4582_0,1,4582_0,,,,,,,,,,
51,1,1,,4582_0,,,420104,1,SN6689,SN5745,812,812,962,962,,
50,1,1,,4582_1,1,4582_1,,,,,,,,,,
51,1,1,,4582_1,,,411910,1,SN19,SN19,1052,1052,1375,1375,,
50,1,1,,4583_0,1,4583_0,,,,,,,,,,
51,1,1,,4583_0,,,411906,1,SN19,SN19,545,545,712,712,,
50,1,1,,4583_1,1,4583_1,,,,,,,,,,
51,1,1,,4583_1,,,420207,1,SN5730,SN19,823,823,1183,1183,,
50,1,1,,4587_0,1,4587_0,,,,,,,,,,
51,1,1,,4587_0,,,410403,1,SN6040,SN19,984,984,1318,1318,,
50,1,1,,4587_1,1,4587_1,,,,,,,,,,
51,1,1,,4587_1,,,420110,1,SN19,SN19,1379,1379,1536,1536,,
50,1,1,,4619_0,1,4619_0,,,,,,,,,,
51,1,1,,4619_0,,,410306,1,SN7103,SN19,851,851,1198,1198,,
50,1,1,,4619_1,1,4619_1,,,,,,,,,,
51,1,1,,4619_1,,,411913,1,SN19,SN19,1335,1335,1478,1478,,
50,1,1,,4630_0,1,4630_0,,,,,,,,,,
51,1,1,,4630_0,,,410801,1,SN6043,SN6552,910,910,1158,1158,,
50,1,1,,4630_1,1,4630_1,,,,,,,,,,
51,1,1,,4630_1,,,421704,1,SN19,SN19,1305,1305,1577,1577,,
50,1,1,,4632_0,1,4632_0,,,,,,,,,,
51,1,1,,4632_0,,,411903,1,SN19,SN19,320,320,471,471,,
50,1,1,,4632_1,1,4632_1,,,,,,,,,,
51,1,1,,4632_1,,,410311,1,SN19,SN7103,584,584,951,951,,
50,1,1,,4638_0,1,4638_0,,,,,,,,,,
51,1,1,,4638_0,,,411902,1,SN19,SN19,270,270,531,531,,
50,1,1,,4638_1,1,4638_1,,,,,,,,,,
51,1,1,,4638_1,,,421205,1,SN19,SN6545,629,629,943,943,,
50,1,1,,4656_0,1,4656_0,,,,,,,,,,
51,1,1,,4656_0,,,422103,1,SN7063,SN7074,715,715,995,995,,
50,1,1,,4656_1,1,4656_1,,,,,,,,,,
51,1,1,,4656_1,,,411911,1,SN19,SN19,1109,1109,1431,1431,,
50,1,1,,4673_0,1,4673_0,,,,,,,,,,
51,1,1,,4673_0,,,420101,1,SN19,SN6689,44,44,342,342,,
50,1,1,,4673_1,1,4673_1,,,,,,,,,,
51,1,1,,4673_1,,,411905,1,SN19,SN19,485,485,651,651,,
