record type,booking id,service type,division name,run id,run pieces,run name,block number,piece number,start place,end place,sign on time of piece,start time of piece,end time of piece,clear time of piece,special trip option id,op days
50,1,0,,2565,1,2565,,,,,,,,,,
51,1,0,,2565,,,312202,1,SN6042,SN19,913,913,1547,1547,,
50,1,0,,3000,1,3000,,,,,,,,,,
51,1,0,,3000,,,320301,1,SN16,SN1571,212,212,669,669,,
50,1,0,,3001,1,3001,,,,,,,,,,
51,1,0,,3001,,,311004,1,SN16,SN655,236,236,673,673,,
50,1,0,,3002,1,3002,,,,,,,,,,
51,1,0,,3002,,,310102,1,SN16,SN3419,242,242,677,677,,
50,1,0,,3003,1,3003,,,,,,,,,,
51,1,0,,3003,,,311104,1,SN16,SN1571,242,242,609,609,,
50,1,0,,3004,1,3004,,,,,,,,,,
51,1,0,,3004,,,311503,1,SN16,SN5283,241,241,710,710,,
50,1,0,,3005,1,3005,,,,,,,,,,
51,1,0,,3005,,,311310,1,SN16,SN20016,257,257,682,682,,
50,1,0,,3006,1,3006,,,,,,,,,,
51,1,0,,3006,,,320304,1,SN16,SN1571,263,263,689,689,,
50,1,0,,3007,1,3007,,,,,,,,,,
51,1,0,,3007,,,311101,1,SN16,SN5943,267,267,716,716,,
50,1,0,,3008,1,3008,,,,,,,,,,
51,1,0,,3008,,,311007,1,SN16,SN655,271,271,726,726,,
50,1,0,,3009,1,3009,,,,,,,,,,
51,1,0,,3009,,,321004,1,SN16,SN1496,275,275,691,691,,
50,1,0,,3010,1,3010,,,,,,,,,,
51,1,0,,3010,,,390401,1,SN16,SN6775,286,286,718,718,,
50,1,0,,3011,1,3011,,,,,,,,,,
51,1,0,,3011,,,320306,1,SN16,SN1571,290,290,709,709,,
50,1,0,,3012,1,3012,,,,,,,,,,
51,1,0,,3012,,,390101,1,SN16,SN7125,290,290,817,817,,
50,1,0,,3013,1,3013,,,,,,,,,,
51,1,0,,3013,,,320618,1,SN16,SN3692,308,308,831,831,,
50,1,0,,3014,1,3014,,,,,,,,,,
51,1,0,,3014,,,320803,1,SN16,SN6144,311,311,780,780,,
50,1,0,,3015,1,3015,,,,,,,,,,
51,1,0,,3015,,,322003,1,SN16,SN7125,318,318,919,919,,
50,1,0,,3016,1,3016,,,,,,,,,,
51,1,0,,3016,,,320902,1,SN16,SN2645,343,343,790,790,,
50,1,0,,3017,1,3017,,,,,,,,,,
51,1,0,,3017,,,320608,1,SN16,SN3692,351,351,771,771,,
50,1,0,,3018,1,3018,,,,,,,,,,
51,1,0,,3018,,,311001,1,SN3274,SN6775,365,365,868,868,,
50,1,0,,3019,1,3019,,,,,,,,,,
51,1,0,,3019,,,310205,1,SN16,SN3970,390,390,959,959,,
50,1,0,,3020,1,3020,,,,,,,,,,
51,1,0,,3020,,,321007,1,SN16,SN1496,413,413,869,869,,
50,1,0,,3021,1,3021,,,,,,,,,,
51,1,0,,3021,,,311307,1,SN16,SN20016,436,436,1027,1027,,
50,1,0,,3022,1,3022,,,,,,,,,,
51,1,0,,3022,,,311009,1,SN16,SN16,612,612,1134,1134,,
50,1,0,,3023,1,3023,,,,,,,,,,
51,1,0,,3023,,,320603,1,SN3419,SN6144,644,644,1080,1080,,
50,1,0,,3024,1,3024,,,,,,,,,,
51,1,0,,3024,,,321010,1,SN16,SN1496,644,644,1121,1121,,
50,1,0,,3025,1,3025,,,,,,,,,,
51,1,0,,3025,,,320302,1,SN1571,SN16,671,671,1150,1150,,
50,1,0,,3026,1,3026,,,,,,,,,,
51,1,0,,3026,,,321901,1,SN6228,SN16,670,670,1138,1138,,
50,1,0,,3027,1,3027,,,,,,,,,,
51,1,0,,3027,,,320616,1,SN4229,SN6775,678,678,1108,1108,,
50,1,0,,3028,1,3028,,,,,,,,,,
51,1,0,,3028,,,320804,1,SN6144,SN16,701,701,1160,1160,,
50,1,0,,3029,1,3029,,,,,,,,,,
51,1,0,,3029,,,310102,1,SN3419,SN3419,692,692,1150,1150,,
50,1,0,,3030,1,3030,,,,,,,,,,
51,1,0,,3030,,,322001,1,SN7125,SN16,697,697,1066,1066,,
50,1,0,,3031,1,3031,,,,,,,,,,
51,1,0,,3031,,,320609,1,SN3692,SN3692,700,700,1131,1131,,
50,1,0,SIMM FX,3032,1,3032,,,,,,,,,,
51,1,0,SIMM FX,3032,,,321805,1,SN16,SN3872,695,695,1127,1127,,
50,1,0,,3033,1,3033,,,,,,,,,,
51,1,0,,3033,,,312001,1,SN6542,SN6542,713,713,1119,1119,,
50,1,0,,3034,1,3034,,,,,,,,,,
51,1,0,,3034,,,311503,1,SN5283,SN16,726,726,1176,1176,,
50,1,0,,3035,1,3035,,,,,,,,,,
51,1,0,,3035,,,311101,1,SN5943,SN16,729,729,1204,1204,,
50,1,0,,3036,1,3036,,,,,,,,,,
51,1,0,,3036,,,310202,1,SN3970,SN16,734,734,1179,1179,,
50,1,0,,3037,1,3037,,,,,,,,,,
51,1,0,,3037,,,311007,1,SN655,SN16,755,755,1156,1156,,
50,1,0,,3038,1,3038,,,,,,,,,,
51,1,0,,3038,,,320310,1,SN1571,SN16,808,808,1398,1398,,
50,1,0,,3039,1,3039,,,,,,,,,,
51,1,0,,3039,,,310605,1,SN5475,SN16,865,865,1477,1477,,
50,1,0,,3040,1,3040,,,,,,,,,,
51,1,0,,3040,,,311506,1,SN5283,SN16,883,883,1329,1329,,
50,1,0,,3041,1,3041,,,,,,,,,,
51,1,0,,3041,,,310608,1,SN7125,SN16,913,913,1454,1454,,
50,1,0,,3042,1,3042,,,,,,,,,,
51,1,0,,3042,,,320305,1,SN677,SN16,891,891,1412,1412,,
50,1,0,,3043,1,3043,,,,,,,,,,
51,1,0,,3043,,,322002,1,SN6970,SN16,906,906,1525,1525,,
50,1,0,,3044,1,3044,,,,,,,,,,
51,1,0,,3044,,,322003,1,SN7125,SN16,937,937,1519,1519,,
50,1,0,,3045,1,3045,,,,,,,,,,
51,1,0,,3045,,,310607,1,SN7125,SN16,973,973,1413,1413,,
50,1,0,,3046,1,3046,,,,,,,,,,
51,1,0,,3046,,,310104,1,SN5441,SN16,987,987,1586,1586,,
50,1,0,,3047,1,3047,,,,,,,,,,
51,1,0,,3047,,,320603,1,SN6144,SN16,1092,1092,1541,1541,,
50,1,0,,3048,1,3048,,,,,,,,,,
51,1,0,,3048,,,310101,1,SN3419,SN16,1106,1106,1508,1508,,
50,1,0,,3049,1,3049,,,,,,,,,,
51,1,0,,3049,,,311104,1,SN1571,SN16,1109,1109,1555,1555,,
50,1,0,,3050,1,3050,,,,,,,,,,
51,1,0,,3050,,,320313,1,SN1571,SN16,1133,1133,1641,1641,,
50,1,0,,3051,1,3051,,,,,,,,,,
51,1,0,,3051,,,312001,1,SN6542,SN16,1132,1132,1567,1567,,
50,1,0,,3052,1,3052,,,,,,,,,,
51,1,0,,3052,,,320609,1,SN3692,SN16,1144,1144,1606,1606,,
50,1,0,,3053,1,3053,,,,,,,,,,
51,1,0,,3053,,,311310,1,SN6228,SN16,1172,1172,1547,1547,,
50,1,0,SIMM FX,3054,1,3054,,,,,,,,,,
51,1,0,SIMM FX,3054,,,321802,1,SN16,SN3872,257,257,740,740,,
50,1,0,,3055,1,3055,,,,,,,,,,
51,1,0,,3055,,,320312,1,SN1571,SN16,988,988,1444,1444,,
50,1,0,,3056,1,3056,,,,,,,,,,
51,1,0,,3056,,,320312,1,SN16,SN1571,400,400,975,975,,
50,1,0,,3057,1,3057,,,,,,,,,,
51,1,0,,3057,,,320301,1,SN1571,SN1571,691,691,1152,1152,,
50,1,0,,3058,1,3058,,,,,,,,,,
51,1,0,,3058,,,311508,1,SN16,SN16,583,583,1138,1138,,
50,1,0,,3059,1,3059,,,,,,,,,,
51,1,0,,3059,,,311109,1,SN16,SN16,603,603,1152,1152,,
50,1,0,,3060,1,3060,,,,,,,,,,
51,1,0,,3060,,,311307,1,SN6228,SN16,1043,1043,1606,1606,,
50,1,0,,3061,1,3061,,,,,,,,,,
51,1,0,,3061,,,320617,1,SN3692,SN16,730,730,1185,1185,,
50,1,0,,3062,1,3062,,,,,,,,,,
51,1,0,,3062,,,320617,1,SN16,SN3692,293,293,711,711,,
50,1,0,,3063,1,3063,,,,,,,,,,
51,1,0,,3063,,,321007,1,SN1496,SN16,887,887,1447,1447,,
50,1,0,,3064,1,3064,,,,,,,,,,
51,1,0,,3064,,,320805,1,SN16,SN16,566,566,1128,1128,,
50,1,0,,3065,1,3065,,,,,,,,,,
51,1,0,,3065,,,310608,1,SN16,SN7125,305,305,877,877,,
50,1,0,,3066,1,3066,,,,,,,,,,
51,1,0,,3066,,,310102,1,SN3419,SN16,1166,1166,1611,1611,,
50,1,0,,3067,1,3067,,,,,,,,,,
51,1,0,,3067,,,321803,1,SN16,SN5731,336,336,790,790,,
50,1,0,,3068,1,3068,,,,,,,,,,
51,1,0,,3068,,,322004,1,SN16,SN16,854,854,1473,1473,,
50,1,0,,3069,1,3069,,,,,,,,,,
51,1,0,,3069,,,390402,1,SN6214,SN16,967,967,1495,1495,,
50,1,0,,3070,1,3070,,,,,,,,,,
51,1,0,,3070,,,390402,1,SN16,SN20016,344,344,958,958,,
50,1,0,,3071,1,3071,,,,,,,,,,
51,1,0,,3071,,,311304,1,SN16,SN20016,252,252,727,727,,
50,1,0,,3072,1,3072,,,,,,,,,,
51,1,0,,3072,,,320614,1,SN3692,SN16,835,835,1375,1375,,
50,1,0,,3073,1,3073,,,,,,,,,,
51,1,0,,3073,,,311304,1,SN6228,SN20016,743,743,1201,1201,,
50,1,0,,3074,1,3074,,,,,,,,,,
51,1,0,,3074,,,390101,1,SN7125,SN16,828,828,1429,1429,,
50,1,0,,3075,1,3075,,,,,,,,,,
51,1,0,,3075,,,320610,1,SN3692,SN16,640,640,1100,1100,,
50,1,0,,3076,1,3076,,,,,,,,,,
51,1,0,,3076,,,321004,1,SN1496,SN16,707,707,1186,1186,,
50,1,0,,3077,1,3077,,,,,,,,,,
51,1,0,,3077,,,320804,1,SN16,SN6144,318,318,675,675,,
50,1,0,,3078,1,3078,,,,,,,,,,
51,1,0,,3078,,,310101,1,SN3419,SN3419,638,638,1094,1094,,
50,1,0,,3079,1,3079,,,,,,,,,,
51,1,0,,3079,,,310101,1,SN16,SN3419,237,237,627,627,,
50,1,0,,3080,1,3080,,,,,,,,,,
51,1,0,,3080,,,311005,1,SN655,SN6377,843,843,1298,1298,,
50,1,0,,3081,1,3081,,,,,,,,,,
51,1,0,,3081,,,311005,1,SN16,SN655,291,291,826,826,,
50,1,0,,3082,1,3082,,,,,,,,,,
51,1,0,,3082,,,310204,1,SN16,SN3970,356,356,779,779,,
50,1,0,,3083,1,3083,,,,,,,,,,
51,1,0,,3083,,,310204,1,SN3970,SN16,794,794,1178,1178,,
50,1,0,,3084,1,3084,,,,,,,,,,
51,1,0,,3084,,,311104,1,SN1571,SN1571,633,633,1095,1095,,
50,1,0,,3085,1,3085,,,,,,,,,,
51,1,0,,3085,,,310605,1,SN16,SN5475,227,227,850,850,,
50,1,0,,3086,1,3086,,,,,,,,,,
51,1,0,,3086,,,390403,1,SN6215,SN16,773,773,1347,1347,,
50,1,0,,3087,1,3087,,,,,,,,,,
51,1,0,,3087,,,311305,1,SN6228,SN16,714,714,1180,1180,,
50,1,0,,3088,1,3088,,,,,,,,,,
51,1,0,,3088,,,311305,1,SN16,SN20016,307,307,697,697,,
50,1,0,,3089,1,3089,,,,,,,,,,
51,1,0,,3089,,,320611,1,SN6479,SN16,1062,1062,1556,1556,,
50,1,0,,3090,1,3090,,,,,,,,,,
51,1,0,,3090,,,320611,1,SN16,SN6479,474,474,1043,1043,,
50,1,0,,3091,1,3091,,,,,,,,,,
51,1,0,,3091,,,310105,1,SN5441,SN16,1195,1195,1558,1558,,
50,1,0,,3092,1,3092,,,,,,,,,,
51,1,0,,3092,,,321005,1,SN16,SN2770,291,291,847,847,,
50,1,0,,3093,1,3093,,,,,,,,,,
51,1,0,,3093,,,321005,1,SN2770,SN16,868,868,1408,1408,,
50,1,0,,3094,1,3094,,,,,,,,,,
51,1,0,,3094,,,320606,1,SN6479,SN16,864,864,1394,1394,,
50,1,0,,3095,1,3095,,,,,,,,,,
51,1,0,,3095,,,320606,1,SN16,SN6479,313,313,848,848,,
50,1,0,SIMM FX,3096,1,3096,,,,,,,,,,
51,1,0,SIMM FX,3096,,,321801,1,SN16,SN3872,250,250,680,680,,
50,1,0,,3097,1,3097,,,,,,,,,,
51,1,0,,3097,,,321801,1,SN3872,SN16,687,687,1117,1117,,
50,1,0,,3098,1,3098,,,,,,,,,,
51,1,0,,3098,,,311004,1,SN655,SN16,693,693,1090,1090,,
50,1,0,,3099,1,3099,,,,,,,,,,
51,1,0,,3099,,,310205,1,SN3970,SN16,974,974,1569,1569,,
50,1,0,,3100,1,3100,,,,,,,,,,
51,1,0,,3100,,,311105,1,SN16,SN4229,322,322,747,747,,
50,1,0,,3101,1,3101,,,,,,,,,,
51,1,0,,3101,,,311105,1,SN4229,SN16,757,757,1207,1207,,
50,1,0,,3102,1,3102,,,,,,,,,,
51,1,0,,3102,,,310105,1,SN677,SN5441,710,710,1182,1182,,
50,1,0,,3103,1,3103,,,,,,,,,,
51,1,0,,3103,,,322002,1,SN16,SN6970,268,268,890,890,,
50,1,0,,3104,1,3104,,,,,,,,,,
51,1,0,,3104,,,321904,1,SN5441,SN677,574,574,1146,1146,,
50,1,0,,3105,1,3105,,,,,,,,,,
51,1,0,,3105,,,321904,1,SN677,SN16,1156,1156,1643,1643,,
50,1,0,,3106,1,3106,,,,,,,,,,
51,1,0,,3106,,,311302,1,SN6216,SN16,928,928,1400,1400,,
50,1,0,,3107,1,3107,,,,,,,,,,
51,1,0,,3107,,,310105,1,SN16,SN677,329,329,704,704,,
50,1,0,,3108,1,3108,,,,,,,,,,
51,1,0,,3108,,,311302,1,SN6216,SN20015,337,337,909,909,,
50,1,0,,3109,1,3109,,,,,,,,,,
51,1,0,,3109,,,320612,1,SN16,SN6479,483,483,923,923,,
50,1,0,,3110,1,3110,,,,,,,,,,
51,1,0,,3110,,,320612,1,SN6479,SN16,939,939,1527,1527,,
50,1,0,,3111,1,3111,,,,,,,,,,
51,1,0,,3111,,,321002,1,SN2770,SN1496,336,336,768,768,,
50,1,0,SIMM FX,3112,1,3112,,,,,,,,,,
51,1,0,SIMM FX,3112,,,321804,1,SN16,SN3872,337,337,772,772,,
50,1,0,,3113,1,3113,,,,,,,,,,
51,1,0,,3113,,,321002,1,SN1496,SN16,787,787,1180,1180,,
50,1,0,,3114,1,3114,,,,,,,,,,
51,1,0,,3114,,,320605,1,SN16,SN6479,280,280,683,683,,
50,1,0,,3115,1,3115,,,,,,,,,,
51,1,0,,3115,,,321804,1,SN3872,SN16,794,794,1175,1175,,
50,1,0,,3116,1,3116,,,,,,,,,,
51,1,0,,3116,,,320806,1,SN16,SN3419,653,653,1112,1112,,
50,1,0,,3117,1,3117,,,,,,,,,,
51,1,0,,3117,,,320806,1,SN3419,SN16,1131,1131,1563,1563,,
50,1,0,,3118,1,3118,,,,,,,,,,
51,1,0,,3118,,,311010,1,SN16,SN556,720,720,1112,1112,,
50,1,0,,3119,1,3119,,,,,,,,,,
51,1,0,,3119,,,311010,1,SN556,SN16,1132,1132,1604,1604,,
50,1,0,,3120,1,3120,,,,,,,,,,
51,1,0,,3120,,,310206,1,SN3970,SN16,764,764,1343,1343,,
50,1,0,,3121,1,3121,,,,,,,,,,
51,1,0,,3121,,,322001,1,SN16,SN7125,262,262,678,678,,
50,1,0,,3122,1,3122,,,,,,,,,,
51,1,0,,3122,,,390401,1,SN3274,SN16,734,734,1189,1189,,
50,1,0,,3123,1,3123,,,,,,,,,,
51,1,0,,3123,,,321010,1,SN1496,SN16,1131,1131,1616,1616,,
50,1,0,,3124,1,3124,,,,,,,,,,
51,1,0,,3124,,,320901,1,SN5885,SN16,781,781,1232,1232,,
50,1,0,,3125,1,3125,,,,,,,,,,
51,1,0,,3125,,,320901,1,SN16,SN5885,352,352,768,768,,
50,1,0,,3126,1,3126,,,,,,,,,,
51,1,0,,3126,,,321903,1,SN16,SN5441,305,305,856,856,,
50,1,0,,3127,1,3127,,,,,,,,,,
51,1,0,,3127,,,321903,1,SN5441,SN16,867,867,1239,1239,,
50,1,0,,3128,1,3128,,,,,,,,,,
51,1,0,,3128,,,311303,1,SN6228,SN16,968,968,1448,1448,,
50,1,0,,3129,1,3129,,,,,,,,,,
51,1,0,,3129,,,320310,1,SN16,SN1571,353,353,792,792,,
50,1,0,,3130,1,3130,,,,,,,,,,
51,1,0,,3130,,,311303,1,SN6228,SN20016,390,390,952,952,,
50,1,0,,3131,1,3131,,,,,,,,,,
51,1,0,,3131,,,320613,1,SN16,SN6479,516,516,1088,1088,,
50,1,0,,3132,1,3132,,,,,,,,,,
51,1,0,,3132,,,320613,1,SN6479,SN16,1105,1105,1661,1661,,
50,1,0,,3133,1,3133,,,,,,,,,,
51,1,0,,3133,,,321003,1,SN1496,SN16,827,827,1387,1387,,
50,1,0,,3134,1,3134,,,,,,,,,,
51,1,0,,3134,,,321003,1,SN16,SN1496,267,267,809,809,,
50,1,0,,3135,1,3135,,,,,,,,,,
51,1,0,,3135,,,320604,1,SN16,SN3692,267,267,665,665,,
50,1,0,,3136,1,3136,,,,,,,,,,
51,1,0,,3136,,,320604,1,SN3692,SN16,685,685,1145,1145,,
50,1,0,,3137,1,3137,,,,,,,,,,
51,1,0,,3137,,,320801,1,SN3419,SN16,734,734,1184,1184,,
50,1,0,,3138,1,3138,,,,,,,,,,
51,1,0,,3138,,,320801,1,SN16,SN3419,276,276,721,721,,
50,1,0,,3139,1,3139,,,,,,,,,,
51,1,0,,3139,,,311006,1,SN16,SN655,344,344,895,895,,
50,1,0,,3140,1,3140,,,,,,,,,,
51,1,0,,3140,,,311006,1,SN655,SN16,909,909,1447,1447,,
50,1,0,,3141,1,3141,,,,,,,,,,
51,1,0,,3141,,,311107,1,SN4229,SN16,914,914,1518,1518,,
50,1,0,,3142,1,3142,,,,,,,,,,
51,1,0,,3142,,,311107,1,SN16,SN4229,456,456,901,901,,
50,1,0,,3143,1,3143,,,,,,,,,,
51,1,0,,3143,,,320303,1,SN16,SN1571,242,242,772,772,,
50,1,0,,3144,1,3144,,,,,,,,,,
51,1,0,,3144,,,320902,1,SN2645,SN16,806,806,1248,1248,,
50,1,0,,3145,1,3145,,,,,,,,,,
51,1,0,,3145,,,321902,1,SN16,SN677,245,245,673,673,,
50,1,0,,3146,1,3146,,,,,,,,,,
51,1,0,,3146,,,321902,1,SN677,SN5441,680,680,1152,1152,,
50,1,0,,3147,1,3147,,,,,,,,,,
51,1,0,,3147,,,321902,1,SN5441,SN16,1165,1165,1537,1537,,
50,1,0,,3148,1,3148,,,,,,,,,,
51,1,0,,3148,,,320308,1,SN16,SN1571,318,318,752,752,,
50,1,0,,3149,1,3149,,,,,,,,,,
51,1,0,,3149,,,320308,1,SN1571,SN1571,768,768,1237,1237,,
50,1,0,,3150,1,3150,,,,,,,,,,
51,1,0,,3150,,,310503,1,SN6215,SN16,830,830,1419,1419,,
50,1,0,,3151,1,3151,,,,,,,,,,
51,1,0,,3151,,,310503,1,SN16,SN20015,306,306,819,819,,
50,1,0,,3152,1,3152,,,,,,,,,,
51,1,0,,3152,,,311001,1,SN3274,SN16,884,884,1498,1498,,
50,1,0,,3153,1,3153,,,,,,,,,,
51,1,0,,3153,,,311506,1,SN16,SN5283,428,428,871,871,,
50,1,0,,3154,1,3154,,,,,,,,,,
51,1,0,,3154,,,320903,1,SN16,SN5885,391,391,828,828,,
50,1,0,,3155,1,3155,,,,,,,,,,
51,1,0,,3155,,,321901,1,SN16,SN20016,251,251,652,652,,
50,1,0,,3156,1,3156,,,,,,,,,,
51,1,0,,3156,,,320309,1,SN16,SN20016,343,343,862,862,,
50,1,0,,3157,1,3157,,,,,,,,,,
51,1,0,,3157,,,320309,1,SN6228,SN16,878,878,1388,1388,,
50,1,0,,3158,1,3158,,,,,,,,,,
51,1,0,,3158,,,311301,1,SN677,SN677,427,427,919,919,,
50,1,0,,3159,1,3159,,,,,,,,,,
51,1,0,,3159,,,311301,1,SN677,SN16,931,931,1469,1469,,
50,1,0,,3160,1,3160,,,,,,,,,,
51,1,0,,3160,,,321001,1,SN1496,SN16,1047,1047,1567,1567,,
50,1,0,,3161,1,3161,,,,,,,,,,
51,1,0,,3161,,,321001,1,SN1496,SN1496,472,472,1029,1029,,
50,1,0,,3162,1,3162,,,,,,,,,,
51,1,0,,3162,,,320803,1,SN6144,SN16,1152,1152,1602,1602,,
50,1,0,,3163,1,3163,,,,,,,,,,
51,1,0,,3163,,,320701,1,SN16,SN2017,378,378,820,820,,
50,1,0,,3164,1,3164,,,,,,,,,,
51,1,0,,3164,,,390404,1,SN5474,SN16,661,661,1212,1212,,
50,1,0,,3165,1,3165,,,,,,,,,,
51,1,0,,3165,,,390404,1,SN16,SN5474,242,242,652,652,,
50,1,0,,3166,1,3166,,,,,,,,,,
51,1,0,,3166,,,312001,1,SN16,SN6542,228,228,699,699,,
50,1,0,,3167,1,3167,,,,,,,,,,
51,1,0,,3167,,,320306,1,SN1571,SN16,728,728,1210,1210,,
50,1,0,,3168,1,3168,,,,,,,,,,
51,1,0,,3168,,,310501,1,SN5475,SN16,925,925,1525,1525,,
50,1,0,,3169,1,3169,,,,,,,,,,
51,1,0,,3169,,,311501,1,SN677,SN5283,407,407,991,991,,
50,1,0,,3170,1,3170,,,,,,,,,,
51,1,0,,3170,,,311501,1,SN5283,SN16,1003,1003,1609,1609,,
50,1,0,,3171,1,3171,,,,,,,,,,
51,1,0,,3171,,,311003,1,SN655,SN16,975,975,1506,1506,,
50,1,0,,3172,1,3172,,,,,,,,,,
51,1,0,,3172,,,311003,1,SN655,SN655,581,581,961,961,,
50,1,0,,3173,1,3173,,,,,,,,,,
51,1,0,,3173,,,310202,1,SN16,SN3970,245,245,719,719,,
50,1,0,,3174,1,3174,,,,,,,,,,
51,1,0,,3174,,,390405,1,SN16,SN16,1237,1237,1666,1666,,
50,1,0,,3175,1,3175,,,,,,,,,,
51,1,0,,3175,,,310601,1,SN16,SN5474,250,250,770,770,,
50,1,0,,3176,1,3176,,,,,,,,,,
51,1,0,,3176,,,310601,1,SN5474,SN16,780,780,1385,1385,,
50,1,0,,3177,1,3177,,,,,,,,,,
51,1,0,,3177,,,320615,1,SN6479,SN16,789,789,1337,1337,,
50,1,0,,3178,1,3178,,,,,,,,,,
51,1,0,,3178,,,312002,1,SN16,SN6542,244,244,639,639,,
50,1,0,,3179,1,3179,,,,,,,,,,
51,1,0,,3179,,,312002,1,SN6542,SN16,1072,1072,1552,1552,,
50,1,0,,3180,1,3180,,,,,,,,,,
51,1,0,,3180,,,312002,1,SN6542,SN6542,653,653,1059,1059,,
50,1,0,,3181,1,3181,,,,,,,,,,
51,1,0,,3181,,,320608,1,SN3692,SN16,790,790,1245,1245,,
50,1,0,,3182,1,3182,,,,,,,,,,
51,1,0,,3182,,,311502,1,SN16,SN677,212,212,677,677,,
50,1,0,,3183,1,3183,,,,,,,,,,
51,1,0,,3183,,,311502,1,SN677,SN16,691,691,1161,1161,,
50,1,0,,3184,1,3184,,,,,,,,,,
51,1,0,,3184,,,321008,1,SN16,SN1496,406,406,989,989,,
50,1,0,,3185,1,3185,,,,,,,,,,
51,1,0,,3185,,,311002,1,SN655,SN16,997,997,1470,1470,,
50,1,0,,3186,1,3186,,,,,,,,,,
51,1,0,,3186,,,311002,1,SN6377,SN655,527,527,983,983,,
50,1,0,,3187,1,3187,,,,,,,,,,
51,1,0,,3187,,,310203,1,SN3970,SN16,707,707,1149,1149,,
50,1,0,,3188,1,3188,,,,,,,,,,
51,1,0,,3188,,,310203,1,SN16,SN3970,292,292,689,689,,
50,1,0,,3189,1,3189,,,,,,,,,,
51,1,0,,3189,,,310602,1,SN16,SN20015,260,260,865,865,,
50,1,0,,3190,1,3190,,,,,,,,,,
51,1,0,,3190,,,310602,1,SN6214,SN16,877,877,1407,1407,,
50,1,0,,3191,1,3191,,,,,,,,,,
51,1,0,,3191,,,310108,1,SN677,SN16,800,800,1417,1417,,
50,1,0,,3192,1,3192,,,,,,,,,,
51,1,0,,3192,,,312003,1,SN16,SN6542,383,383,879,879,,
50,1,0,,3193,1,3193,,,,,,,,,,
51,1,0,,3193,,,320304,1,SN1571,SN16,1194,1194,1590,1590,,
50,1,0,,3194,1,3194,,,,,,,,,,
51,1,0,,3194,,,320304,1,SN1571,SN1571,711,711,1172,1172,,
50,1,0,,3195,1,3195,,,,,,,,,,
51,1,0,,3195,,,320618,1,SN3692,SN3692,850,850,1271,1271,,
50,1,0,,3196,1,3196,,,,,,,,,,
51,1,0,,3196,,,321009,1,SN2770,SN16,968,968,1567,1567,,
50,1,0,,3197,1,3197,,,,,,,,,,
51,1,0,,3197,,,321502,1,SN3419,SN16,838,838,1264,1264,,
50,1,0,,3198,1,3198,,,,,,,,,,
51,1,0,,3198,,,320702,1,SN5885,SN16,661,661,1238,1238,,
50,1,0,,3199,1,3199,,,,,,,,,,
51,1,0,,3199,,,310107,1,SN677,SN16,860,860,1332,1332,,
50,1,0,,3200,1,3200,,,,,,,,,,
51,1,0,,3200,,,310107,1,SN16,SN677,386,386,850,850,,
50,1,0,,3201,1,3201,,,,,,,,,,
51,1,0,,3201,,,320305,1,SN16,SN677,262,262,879,879,,
50,1,0,,3202,1,3202,,,,,,,,,,
51,1,0,,3202,,,321009,1,SN16,SN2770,465,465,947,947,,
50,1,0,,3203,1,3203,,,,,,,,,,
51,1,0,,3203,,,321401,1,SN16,SN20015,372,372,832,832,,
50,1,0,,3204,1,3204,,,,,,,,,,
51,1,0,,3204,,,321401,1,SN6216,SN16,841,841,1216,1216,,
50,1,0,,3205,1,3205,,,,,,,,,,
51,1,0,,3205,,,311504,1,SN677,SN16,831,831,1445,1445,,
50,1,0,,3206,1,3206,,,,,,,,,,
51,1,0,,3206,,,311504,1,SN16,SN677,319,319,818,818,,
50,1,0,,3207,1,3207,,,,,,,,,,
51,1,0,,3207,,,312101,1,SN16,SN6542,249,249,609,609,,
50,1,0,,3208,1,3208,,,,,,,,,,
51,1,0,,3208,,,312101,1,SN6542,SN6542,623,623,1179,1179,,
50,1,0,,3209,1,3209,,,,,,,,,,
51,1,0,,3209,,,312101,1,SN6542,SN16,1192,1192,1553,1553,,
50,1,0,,3210,1,3210,,,,,,,,,,
51,1,0,,3210,,,321501,1,SN16,SN20015,268,268,745,745,,
50,1,0,,3211,1,3211,,,,,,,,,,
51,1,0,,3211,,,321501,1,SN6214,SN16,757,757,1340,1340,,
50,1,0,,3212,1,3212,,,,,,,,,,
51,1,0,,3212,,,310604,1,SN5474,SN16,1079,1079,1555,1555,,
50,1,0,,3213,1,3213,,,,,,,,,,
51,1,0,,3213,,,310604,1,SN5474,SN5474,601,601,1067,1067,,
50,1,0,,3214,1,3214,,,,,,,,,,
51,1,0,,3214,,,310106,1,SN5441,SN16,1047,1047,1599,1599,,
50,1,0,,3215,1,3215,,,,,,,,,,
51,1,0,,3215,,,310106,1,SN16,SN5441,356,356,769,769,,
50,1,0,,3216,1,3216,,,,,,,,,,
51,1,0,,3216,,,312005,1,SN6542,SN16,802,802,1224,1224,,
50,1,0,,3217,1,3217,,,,,,,,,,
51,1,0,,3217,,,320311,1,SN5943,SN16,949,949,1512,1512,,
50,1,0,,3218,1,3218,,,,,,,,,,
51,1,0,,3218,,,320311,1,SN16,SN5943,369,369,936,936,,
50,1,0,,3219,1,3219,,,,,,,,,,
51,1,0,,3219,,,320602,1,SN3692,SN16,1104,1104,1501,1501,,
50,1,0,,3220,1,3220,,,,,,,,,,
51,1,0,,3220,,,320302,1,SN16,SN1571,233,233,649,649,,
50,1,0,,3221,1,3221,,,,,,,,,,
51,1,0,,3221,,,311310,1,SN6228,SN20016,699,699,1153,1153,,
50,1,0,,3222,1,3222,,,,,,,,,,
51,1,0,,3222,,,320602,1,SN6479,SN3692,561,561,1086,1086,,
50,1,0,,3223,1,3223,,,,,,,,,,
51,1,0,,3223,,,310104,1,SN16,SN5441,328,328,715,715,,
50,1,0,,3224,1,3224,,,,,,,,,,
51,1,0,,3224,,,321008,1,SN1496,SN16,1007,1007,1543,1543,,
50,1,0,,3225,1,3225,,,,,,,,,,
51,1,0,,3225,,,321805,1,SN3872,SN16,1135,1135,1558,1558,,
50,1,0,,3226,1,3226,,,,,,,,,,
51,1,0,,3226,,,320313,1,SN1571,SN1571,652,652,1115,1115,,
50,1,0,,3227,1,3227,,,,,,,,,,
51,1,0,,3227,,,311008,1,SN655,SN16,865,865,1422,1422,,
50,1,0,,3228,1,3228,,,,,,,,,,
51,1,0,,3228,,,311507,1,SN677,SN16,851,851,1384,1384,,
50,1,0,,3229,1,3229,,,,,,,,,,
51,1,0,,3229,,,312102,1,SN16,SN6542,307,307,849,849,,
50,1,0,,3230,1,3230,,,,,,,,,,
51,1,0,,3230,,,312102,1,SN6542,SN16,862,862,1298,1298,,
50,1,0,,3231,1,3231,,,,,,,,,,
51,1,0,,3231,,,311306,1,SN16,SN20016,353,353,757,757,,
50,1,0,,3232,1,3232,,,,,,,,,,
51,1,0,,3232,,,311306,1,SN6228,SN16,773,773,1198,1198,,
50,1,0,,3233,1,3233,,,,,,,,,,
51,1,0,,3233,,,320616,1,SN3274,SN16,1124,1124,1546,1546,,
50,1,0,,3234,1,3234,,,,,,,,,,
51,1,0,,3234,,,320616,1,SN16,SN4229,208,208,661,661,,
50,1,0,,3235,1,3235,,,,,,,,,,
51,1,0,,3235,,,321006,1,SN16,SN2770,348,348,807,807,,
50,1,0,,3236,1,3236,,,,,,,,,,
51,1,0,,3236,,,320601,1,SN6479,SN16,894,894,1432,1432,,
50,1,0,,3237,1,3237,,,,,,,,,,
51,1,0,,3237,,,320601,1,SN3692,SN6479,352,352,878,878,,
50,1,0,,3238,1,3238,,,,,,,,,,
51,1,0,,3238,,,320603,1,SN16,SN3419,205,205,631,631,,
50,1,0,,3239,1,3239,,,,,,,,,,
51,1,0,,3239,,,310607,1,SN16,SN7125,364,364,937,937,,
50,1,0,,3240,1,3240,,,,,,,,,,
51,1,0,,3240,,,310103,1,SN16,SN5441,299,299,685,685,,
50,1,0,,3241,1,3241,,,,,,,,,,
51,1,0,,3241,,,310103,1,SN5441,SN16,957,957,1542,1542,,
50,1,0,,3242,1,3242,,,,,,,,,,
51,1,0,,3242,,,321802,1,SN3872,SN16,1194,1194,1549,1549,,
50,1,0,SIMM FX,3243,1,3243,,,,,,,,,,
51,1,0,SIMM FX,3243,,,321802,1,SN3872,SN3872,764,764,1186,1186,,
50,1,0,,3413,2,3413,,,,,,,,,,
51,1,0,,3413,,,311501,1,SN16,SN677,152,152,388,388,,
51,1,0,,3413,,,311507,2,SN16,SN677,488,488,838,838,,
50,1,0,,3420,2,3420,,,,,,,,,,
51,1,0,,3420,,,320602,1,SN16,SN6479,145,145,540,540,,
51,1,0,,3420,,,320615,2,SN16,SN6479,649,649,771,771,,
50,1,0,,3501,1,3501,,,,,,,,,,
51,1,0,,3501,,,350401,1,SN19,SN6480,26,26,456,456,,
50,1,0,,3502,1,3502,,,,,,,,,,
51,1,0,,3502,,,310302,1,SN19,SN19,88,88,692,692,,
50,1,0,,3503,1,3503,,,,,,,,,,
51,1,0,,3503,,,320202,1,SN19,SN6689,100,100,601,601,,
50,1,0,,3504,1,3504,,,,,,,,,,
51,1,0,,3504,,,310901,1,SN19,SN5745,117,117,722,722,,
50,1,0,,3505,1,3505,,,,,,,,,,
51,1,0,,3505,,,310903,1,SN19,SN6552,177,177,848,848,,
50,1,0,,3507,1,3507,,,,,,,,,,
51,1,0,,3507,,,310906,1,SN19,SN6158,267,267,925,925,,
50,1,0,,3508,1,3508,,,,,,,,,,
51,1,0,,3508,,,310910,1,SN19,SN6552,352,352,870,870,,
50,1,0,,3509,1,3509,,,,,,,,,,
51,1,0,,3509,,,310803,1,SN19,SN6158,365,365,895,895,,
50,1,0,,3510,1,3510,,,,,,,,,,
51,1,0,,3510,,,321204,1,SN19,SN6545,421,421,1054,1054,,
50,1,0,,3511,1,3511,,,,,,,,,,
51,1,0,,3511,,,320206,1,SN5730,SN19,485,485,1141,1141,,
50,1,0,,3512,1,3512,,,,,,,,,,
51,1,0,,3512,,,311704,1,SN19,SN19,559,559,1213,1213,,
50,1,0,,3513,1,3513,,,,,,,,,,
51,1,0,,3513,,,310314,1,SN19,SN7103,670,670,1244,1244,,
50,1,0,,3514,1,3514,,,,,,,,,,
51,1,0,,3514,,,320101,1,SN6689,SN19,689,689,1182,1182,,
50,1,0,,3515,1,3515,,,,,,,,,,
51,1,0,,3515,,,321206,1,SN19,SN19,697,697,1154,1154,,
50,1,0,,3516,1,3516,,,,,,,,,,
51,1,0,,3516,,,310313,1,SN19,SN19,720,720,1231,1231,,
50,1,0,,3518,1,3518,,,,,,,,,,
51,1,0,,3518,,,320207,1,SN5730,SN19,765,765,1410,1410,,
50,1,0,,3519,1,3519,,,,,,,,,,
51,1,0,,3519,,,310911,1,SN6043,SN19,837,837,1424,1424,,
50,1,0,,3520,1,3520,,,,,,,,,,
51,1,0,,3520,,,310910,1,SN6043,SN19,882,882,1394,1394,,
50,1,0,,3521,1,3521,,,,,,,,,,
51,1,0,,3521,,,322102,1,SN7074,SN19,964,964,1501,1501,,
50,1,0,,3522,1,3522,,,,,,,,,,
51,1,0,,3522,,,350309,1,SN6226,SN19,971,971,1474,1474,,
50,1,0,,3523,1,3523,,,,,,,,,,
51,1,0,,3523,,,322103,1,SN7074,SN19,1024,1024,1458,1458,,
50,1,0,,3524,1,3524,,,,,,,,,,
51,1,0,,3524,,,310401,1,SN6040,SN19,1010,1010,1594,1594,,
50,1,0,,3525,1,3525,,,,,,,,,,
51,1,0,,3525,,,350305,1,SN6226,SN19,1046,1046,1607,1607,,
50,1,0,,3526,1,3526,,,,,,,,,,
51,1,0,,3526,,,350312,1,SN6226,SN19,1076,1076,1545,1545,,
50,1,0,,3527,1,3527,,,,,,,,,,
51,1,0,,3527,,,320104,1,SN19,SN5745,148,148,792,792,,
50,1,0,,3528,1,3528,,,,,,,,,,
51,1,0,,3528,,,350301,1,SN6042,SN6552,733,733,1302,1302,,
50,1,0,,3529,1,3529,,,,,,,,,,
51,1,0,,3529,,,350301,1,SN19,SN6552,83,83,712,712,,
50,1,0,,3530,1,3530,,,,,,,,,,
51,1,0,,3530,,,311904,1,SN19,SN6240,306,306,698,698,,
50,1,0,,3531,1,3531,,,,,,,,,,
51,1,0,,3531,,,311904,1,SN6240,SN19,726,726,1174,1174,,
50,1,0,,3532,1,3532,,,,,,,,,,
51,1,0,,3532,,,310903,1,SN6040,SN19,860,860,1357,1357,,
50,1,0,,3533,1,3533,,,,,,,,,,
51,1,0,,3533,,,310308,1,SN7103,SN19,889,889,1432,1432,,
50,1,0,,3534,2,3534,,,,,,,,,,
51,1,0,,3534,,,322105,1,SN19,SN7063,293,293,569,569,,
51,1,0,,3534,,,322103,2,SN7063,SN7074,715,715,995,995,,
50,1,0,,3535,1,3535,,,,,,,,,,
51,1,0,,3535,,,322105,1,SN7063,SN7074,596,596,1172,1172,,
50,1,0,,3536,1,3536,,,,,,,,,,
51,1,0,,3536,,,311905,1,SN6240,SN19,494,494,1122,1122,,
50,1,0,,3537,2,3537,,,,,,,,,,
51,1,0,,3537,,,311905,1,SN19,SN6240,340,340,486,486,,
51,1,0,,3537,,,311908,2,SN19,SN6240,627,627,972,972,,
50,1,0,,3538,1,3538,,,,,,,,,,
51,1,0,,3538,,,350408,1,SN19,SN1862,371,371,842,842,,
50,1,0,,3539,1,3539,,,,,,,,,,
51,1,0,,3539,,,350408,1,SN1862,SN19,860,860,1336,1336,,
50,1,0,,3541,1,3541,,,,,,,,,,
51,1,0,,3541,,,310902,1,SN19,SN6552,147,147,772,772,,
50,1,0,,3542,1,3542,,,,,,,,,,
51,1,0,,3542,,,310906,1,SN6158,SN19,940,940,1464,1464,,
50,1,0,,3543,1,3543,,,,,,,,,,
51,1,0,,3543,,,350406,1,SN19,SN1862,335,335,802,802,,
50,1,0,,3544,1,3544,,,,,,,,,,
51,1,0,,3544,,,350406,1,SN1862,SN19,820,820,1219,1219,,
50,1,0,,3545,1,3545,,,,,,,,,,
51,1,0,,3545,,,350303,1,SN6226,SN20016,758,758,1330,1330,,
50,1,0,,3546,1,3546,,,,,,,,,,
51,1,0,,3546,,,350303,1,SN19,SN20016,196,196,744,744,,
50,1,0,,3547,1,3547,,,,,,,,,,
51,1,0,,3547,,,320210,1,SN19,SN5730,421,421,963,963,,
50,1,0,,3548,1,3548,,,,,,,,,,
51,1,0,,3548,,,320210,1,SN5730,SN19,978,978,1532,1532,,
50,1,0,,3550,1,3550,,,,,,,,,,
51,1,0,,3550,,,311906,1,SN19,SN6240,365,365,942,942,,
50,1,0,,3551,1,3551,,,,,,,,,,
51,1,0,,3551,,,320101,1,SN19,SN6689,44,44,676,676,,
50,1,0,,3552,1,3552,,,,,,,,,,
51,1,0,,3552,,,310901,1,SN6689,SN19,958,958,1412,1412,,
50,1,0,,3553,1,3553,,,,,,,,,,
51,1,0,,3553,,,322103,1,SN19,SN7063,249,249,689,689,,
50,1,0,,3554,1,3554,,,,,,,,,,
51,1,0,,3554,,,350407,1,SN19,SN6480,341,341,821,821,,
50,1,0,,3555,1,3555,,,,,,,,,,
51,1,0,,3555,,,350407,1,SN6480,SN19,837,837,1478,1478,,
50,1,0,,3556,1,3556,,,,,,,,,,
51,1,0,,3556,,,350302,1,SN19,SN6250,140,140,740,740,,
50,1,0,,3557,1,3557,,,,,,,,,,
51,1,0,,3557,,,350302,1,SN6250,SN19,764,764,1370,1370,,
50,1,0,,3558,1,3558,,,,,,,,,,
51,1,0,,3558,,,311907,1,SN19,SN6240,418,418,850,850,,
50,1,0,,3559,2,3559,,,,,,,,,,
51,1,0,,3559,,,311907,1,SN6240,SN19,872,872,1208,1208,,
51,1,0,,3559,,,311909,2,SN19,SN19,1275,1275,1432,1432,,
50,1,0,,3560,1,3560,,,,,,,,,,
51,1,0,,3560,,,320102,1,SN6480,SN19,897,897,1468,1468,,
50,1,0,,3561,2,3561,,,,,,,,,,
51,1,0,,3561,,,320102,1,SN19,SN1078,88,88,264,264,,
51,1,0,,3561,,,320114,2,SN19,SN6689,370,370,717,717,,
50,1,0,,3562,1,3562,,,,,,,,,,
51,1,0,,3562,,,320102,1,SN1078,SN6480,274,274,881,881,,
50,1,0,,3563,1,3563,,,,,,,,,,
51,1,0,,3563,,,312202,1,SN19,SN6552,312,312,893,893,,
50,1,0,,3564,1,3564,,,,,,,,,,
51,1,0,,3564,,,321203,1,SN6545,SN19,921,921,1406,1406,,
50,1,0,,3566,1,3566,,,,,,,,,,
51,1,0,,3566,,,310305,1,SN19,SN7103,298,298,778,778,,
50,1,0,,3567,2,3567,,,,,,,,,,
51,1,0,,3567,,,310305,1,SN7103,SN19,789,789,1181,1181,,
51,1,0,,3567,,,310314,2,SN7103,SN19,1255,1255,1422,1422,,
50,1,0,,3568,1,3568,,,,,,,,,,
51,1,0,,3568,,,350404,1,SN19,SN1862,257,257,882,882,,
50,1,0,,3569,1,3569,,,,,,,,,,
51,1,0,,3569,,,350404,1,SN1862,SN19,900,900,1472,1472,,
50,1,0,,3570,1,3570,,,,,,,,,,
51,1,0,,3570,,,321203,1,SN19,SN6545,301,301,904,904,,
50,1,0,,3571,1,3571,,,,,,,,,,
51,1,0,,3571,,,350305,1,SN19,SN20016,264,264,834,834,,
50,1,0,,3572,1,3572,,,,,,,,,,
51,1,0,,3572,,,310802,1,SN19,SN6552,255,255,750,750,,
50,1,0,,3573,1,3573,,,,,,,,,,
51,1,0,,3573,,,310802,1,SN6043,SN19,763,763,1163,1163,,
50,1,0,,3575,1,3575,,,,,,,,,,
51,1,0,,3575,,,320103,1,SN6689,SN19,988,988,1519,1519,,
50,1,0,,3576,1,3576,,,,,,,,,,
51,1,0,,3576,,,320103,1,SN5745,SN6689,580,580,973,973,,
50,1,0,,3577,1,3577,,,,,,,,,,
51,1,0,,3577,,,320103,1,SN19,SN5745,104,104,567,567,,
50,1,0,,3578,1,3578,,,,,,,,,,
51,1,0,,3578,,,312203,1,SN19,SN6552,367,367,953,953,,
50,1,0,,3579,1,3579,,,,,,,,,,
51,1,0,,3579,,,312203,1,SN6042,SN19,973,973,1522,1522,,
50,1,0,,3581,1,3581,,,,,,,,,,
51,1,0,,3581,,,322101,1,SN7063,SN19,835,835,1474,1474,,
50,1,0,,3582,1,3582,,,,,,,,,,
51,1,0,,3582,,,322101,1,SN19,SN7063,253,253,805,805,,
50,1,0,,3583,1,3583,,,,,,,,,,
51,1,0,,3583,,,350405,1,SN19,SN6480,299,299,760,760,,
50,1,0,,3584,1,3584,,,,,,,,,,
51,1,0,,3584,,,350405,1,SN6480,SN6480,777,777,1335,1335,,
50,1,0,,3585,1,3585,,,,,,,,,,
51,1,0,,3585,,,350304,1,SN6226,SN20016,728,728,1107,1107,,
50,1,0,,3586,1,3586,,,,,,,,,,
51,1,0,,3586,,,350304,1,SN19,SN20016,235,235,714,714,,
50,1,0,,3587,1,3587,,,,,,,,,,
51,1,0,,3587,,,350304,1,SN6226,SN19,1121,1121,1641,1641,,
50,1,0,,3588,1,3588,,,,,,,,,,
51,1,0,,3588,,,310803,1,SN6158,SN19,910,910,1538,1538,,
50,1,0,,3589,1,3589,,,,,,,,,,
51,1,0,,3589,,,320213,1,SN19,SN5730,326,326,948,948,,
50,1,0,,3591,1,3591,,,,,,,,,,
51,1,0,,3591,,,320213,1,SN5730,SN19,1160,1160,1642,1642,,
50,1,0,,3592,1,3592,,,,,,,,,,
51,1,0,,3592,,,311901,1,SN19,SN6552,241,241,645,645,,
50,1,0,,3593,1,3593,,,,,,,,,,
51,1,0,,3593,,,311901,1,SN6043,SN19,1062,1062,1547,1547,,
50,1,0,,3594,1,3594,,,,,,,,,,
51,1,0,,3594,,,311901,1,SN6043,SN6552,658,658,1050,1050,,
50,1,0,,3595,1,3595,,,,,,,,,,
51,1,0,,3595,,,321204,1,SN6545,SN19,1073,1073,1544,1544,,
50,1,0,,3596,1,3596,,,,,,,,,,
51,1,0,,3596,,,320203,1,SN5730,SN19,816,816,1469,1469,,
50,1,0,,3597,2,3597,,,,,,,,,,
51,1,0,,3597,,,310307,1,SN7103,SN19,964,964,1137,1137,,
51,1,0,,3597,,,310310,2,SN19,SN19,1231,1231,1522,1522,,
50,1,0,,3598,1,3598,,,,,,,,,,
51,1,0,,3598,,,310307,1,SN19,SN7103,451,451,953,953,,
50,1,0,,3599,2,3599,,,,,,,,,,
51,1,0,,3599,,,310402,1,SN19,SN6552,300,300,729,729,,
51,1,0,,3599,,,310401,2,SN6038,SN6552,857,857,998,998,,
50,1,0,,3600,1,3600,,,,,,,,,,
51,1,0,,3600,,,310402,1,SN6040,SN19,742,742,1376,1376,,
50,1,0,,3601,1,3601,,,,,,,,,,
51,1,0,,3601,,,350402,1,SN6480,SN19,937,937,1498,1498,,
50,1,0,,3602,1,3602,,,,,,,,,,
51,1,0,,3602,,,350402,1,SN6480,SN6480,549,549,921,921,,
50,1,0,,3603,1,3603,,,,,,,,,,
51,1,0,,3603,,,350402,1,SN19,SN6480,86,86,538,538,,
50,1,0,,3604,1,3604,,,,,,,,,,
51,1,0,,3604,,,350307,1,SN19,SN1136,317,317,919,919,,
50,1,0,,3605,1,3605,,,,,,,,,,
51,1,0,,3605,,,350307,1,SN1136,SN19,933,933,1581,1581,,
50,1,0,,3606,1,3606,,,,,,,,,,
51,1,0,,3606,,,311902,1,SN19,SN6240,281,281,730,730,,
50,1,0,,3607,1,3607,,,,,,,,,,
51,1,0,,3607,,,312201,1,SN6040,SN19,950,950,1465,1465,,
50,1,0,,3608,1,3608,,,,,,,,,,
51,1,0,,3608,,,312201,1,SN19,SN6552,289,289,938,938,,
50,1,0,,3609,1,3609,,,,,,,,,,
51,1,0,,3609,,,320203,1,SN19,SN5730,130,130,798,798,,
50,1,0,,3610,1,3610,,,,,,,,,,
51,1,0,,3610,,,321205,1,SN19,SN6545,718,718,1141,1141,,
50,1,0,,3611,1,3611,,,,,,,,,,
51,1,0,,3611,,,350309,1,SN19,SN20016,377,377,957,957,,
50,1,0,,3612,1,3612,,,,,,,,,,
51,1,0,,3612,,,310306,1,SN19,SN7103,349,349,828,828,,
50,1,0,,3614,1,3614,,,,,,,,,,
51,1,0,,3614,,,310403,1,SN19,SN6552,360,360,878,878,,
50,1,0,,3615,1,3615,,,,,,,,,,
51,1,0,,3615,,,310403,1,SN6040,SN19,890,890,1297,1297,,
50,1,0,,3616,1,3616,,,,,,,,,,
51,1,0,,3616,,,350403,1,SN5730,SN5730,873,873,1246,1246,,
50,1,0,,3617,1,3617,,,,,,,,,,
51,1,0,,3617,,,350403,1,SN19,SN5730,241,241,858,858,,
50,1,0,,3618,2,3618,,,,,,,,,,
51,1,0,,3618,,,350306,1,SN6226,SN19,788,788,1093,1093,,
51,1,0,,3618,,,350315,2,SN6226,SN19,1209,1209,1410,1410,,
50,1,0,,3619,1,3619,,,,,,,,,,
51,1,0,,3619,,,350306,1,SN19,SN20016,284,284,774,774,,
50,1,0,,3620,1,3620,,,,,,,,,,
51,1,0,,3620,,,310315,1,SN19,SN7103,531,531,928,928,,
50,1,0,,3621,1,3621,,,,,,,,,,
51,1,0,,3621,,,310315,1,SN7103,SN19,939,939,1407,1407,,
50,1,0,,3623,1,3623,,,,,,,,,,
51,1,0,,3623,,,310801,1,SN6043,SN19,1047,1047,1637,1637,,
50,1,0,,3624,1,3624,,,,,,,,,,
51,1,0,,3624,,,310801,1,SN19,SN6552,251,251,899,899,,
50,1,0,,3625,1,3625,,,,,,,,,,
51,1,0,,3625,,,311903,1,SN6480,SN19,877,877,1371,1371,,
50,1,0,,3626,1,3626,,,,,,,,,,
51,1,0,,3626,,,311903,1,SN19,SN6480,274,274,861,861,,
50,1,0,,3627,1,3627,,,,,,,,,,
51,1,0,,3627,,,310911,1,SN19,SN6552,373,373,825,825,,
50,1,0,,3628,1,3628,,,,,,,,,,
51,1,0,,3628,,,350312,1,SN19,SN20016,469,469,1062,1062,,
50,1,0,,3630,1,3630,,,,,,,,,,
51,1,0,,3630,,,350308,1,SN19,SN5730,340,340,903,903,,
50,1,0,,3631,1,3631,,,,,,,,,,
51,1,0,,3631,,,350308,1,SN5730,SN19,918,918,1480,1480,,
50,1,0,,3632,1,3632,,,,,,,,,,
51,1,0,,3632,,,310301,1,SN19,SN19,28,28,591,591,,
50,1,0,,3633,1,3633,,,,,,,,,,
51,1,0,,3633,,,320108,1,SN5745,SN19,1018,1018,1556,1556,,
50,1,0,,3634,1,3634,,,,,,,,,,
51,1,0,,3634,,,320108,1,SN19,SN5745,368,368,1002,1002,,
50,1,0,,3635,1,3635,,,,,,,,,,
51,1,0,,3635,,,320209,1,SN19,SN5730,391,391,843,843,,
50,1,0,,3636,1,3636,,,,,,,,,,
51,1,0,,3636,,,320209,1,SN5730,SN19,858,858,1418,1418,,
50,1,0,,3637,1,3637,,,,,,,,,,
51,1,0,,3637,,,310312,1,SN19,SN19,621,621,1206,1206,,
50,1,0,,3638,1,3638,,,,,,,,,,
51,1,0,,3638,,,321207,1,SN19,SN6544,243,243,737,737,,
50,1,0,,3639,1,3639,,,,,,,,,,
51,1,0,,3639,,,321207,1,SN6544,SN19,764,764,1184,1184,,
50,1,0,,3640,1,3640,,,,,,,,,,
51,1,0,,3640,,,350313,1,SN19,SN20016,619,619,1123,1123,,
50,1,0,,3641,1,3641,,,,,,,,,,
51,1,0,,3641,,,320112,1,SN19,SN1819,707,707,1200,1200,,
50,1,0,,3642,1,3642,,,,,,,,,,
51,1,0,,3642,,,320112,1,SN1819,SN19,1212,1212,1596,1596,,
50,1,0,,3643,1,3643,,,,,,,,,,
51,1,0,,3643,,,320207,1,SN19,SN5730,307,307,753,753,,
50,1,0,,3644,1,3644,,,,,,,,,,
51,1,0,,3644,,,321701,1,SN19,SN6552,251,251,758,758,,
50,1,0,,3645,1,3645,,,,,,,,,,
51,1,0,,3645,,,321701,1,SN6038,SN19,770,770,1445,1445,,
50,1,0,,3646,1,3646,,,,,,,,,,
51,1,0,,3646,,,310401,1,SN19,SN6552,246,246,846,846,,
50,1,0,,3647,1,3647,,,,,,,,,,
51,1,0,,3647,,,320109,1,SN6689,SN19,898,898,1376,1376,,
50,1,0,,3648,1,3648,,,,,,,,,,
51,1,0,,3648,,,320109,1,SN19,SN6689,336,336,884,884,,
50,1,0,,3649,1,3649,,,,,,,,,,
51,1,0,,3649,,,350401,1,SN6480,SN19,1057,1057,1523,1523,,
50,1,0,,3650,1,3650,,,,,,,,,,
51,1,0,,3650,,,350401,1,SN6480,SN6480,472,472,1041,1041,,
50,1,0,,3651,1,3651,,,,,,,,,,
51,1,0,,3651,,,320208,1,SN1078,SN19,998,998,1614,1614,,
50,1,0,,3652,1,3652,,,,,,,,,,
51,1,0,,3652,,,320208,1,SN19,SN1078,362,362,984,984,,
50,1,0,,3653,1,3653,,,,,,,,,,
51,1,0,,3653,,,311702,1,SN19,SN6552,265,265,833,833,,
50,1,0,,3654,1,3654,,,,,,,,,,
51,1,0,,3654,,,311702,1,SN6042,SN19,853,853,1496,1496,,
50,1,0,,3655,1,3655,,,,,,,,,,
51,1,0,,3655,,,350310,1,SN6226,SN19,696,696,1198,1198,,
50,1,0,,3656,2,3656,,,,,,,,,,
51,1,0,,3656,,,350310,1,SN19,SN20016,369,369,684,684,,
51,1,0,,3656,,,350305,2,SN6226,SN20016,848,848,1032,1032,,
50,1,0,,3657,1,3657,,,,,,,,,,
51,1,0,,3657,,,320111,1,SN19,SN19,733,733,1147,1147,,
50,1,0,,3659,1,3659,,,,,,,,,,
51,1,0,,3659,,,310303,1,SN19,SN19,218,218,642,642,,
50,1,0,,3660,2,3660,,,,,,,,,,
51,1,0,,3660,,,321201,1,SN6544,SN6545,794,794,994,994,,
51,1,0,,3660,,,321205,2,SN6545,SN19,1165,1165,1519,1519,,
50,1,0,,3661,1,3661,,,,,,,,,,
51,1,0,,3661,,,321201,1,SN19,SN6544,267,267,779,779,,
50,1,0,,3662,1,3662,,,,,,,,,,
51,1,0,,3662,,,321201,1,SN6545,SN19,1011,1011,1571,1571,,
50,1,0,,3663,1,3663,,,,,,,,,,
51,1,0,,3663,,,311703,1,SN19,SN6552,318,318,906,906,,
50,1,0,,3664,1,3664,,,,,,,,,,
51,1,0,,3664,,,311703,1,SN6038,SN19,917,917,1386,1386,,
50,1,0,,3665,1,3665,,,,,,,,,,
51,1,0,,3665,,,350311,1,SN19,SN20016,395,395,894,894,,
50,1,0,,3666,2,3666,,,,,,,,,,
51,1,0,,3666,,,350311,1,SN6226,SN19,908,908,1224,1224,,
51,1,0,,3666,,,350303,2,SN6226,SN19,1350,1350,1605,1605,,
50,1,0,,3667,1,3667,,,,,,,,,,
51,1,0,,3667,,,320110,1,SN19,SN5745,657,657,1313,1313,,
50,1,0,,3668,1,3668,,,,,,,,,,
51,1,0,,3668,,,320205,1,SN19,SN5730,270,270,873,873,,
50,1,0,,3669,1,3669,,,,,,,,,,
51,1,0,,3669,,,320205,1,SN5730,SN19,1086,1086,1579,1579,,
50,1,0,,3672,1,3672,,,,,,,,,,
51,1,0,,3672,,,310907,1,SN19,SN6158,275,275,922,922,,
50,1,0,,3673,1,3673,,,,,,,,,,
51,1,0,,3673,,,310907,1,SN6220,SN19,937,937,1579,1579,,
50,1,0,,3674,1,3674,,,,,,,,,,
51,1,0,,3674,,,321202,1,SN19,SN6544,263,263,659,659,,
50,1,0,,3675,1,3675,,,,,,,,,,
51,1,0,,3675,,,321202,1,SN6544,SN19,677,677,1100,1100,,
50,1,0,,3676,1,3676,,,,,,,,,,
51,1,0,,3676,,,320204,1,SN5730,SN5730,830,830,1381,1381,,
50,1,0,,3677,1,3677,,,,,,,,,,
51,1,0,,3677,,,320204,1,SN19,SN5730,160,160,813,813,,
50,1,0,,3678,1,3678,,,,,,,,,,
51,1,0,,3678,,,310908,1,SN6158,SN19,970,970,1535,1535,,
50,1,0,,3679,1,3679,,,,,,,,,,
51,1,0,,3679,,,310908,1,SN19,SN6158,294,294,955,955,,
50,1,0,,3680,1,3680,,,,,,,,,,
51,1,0,,3680,,,320105,1,SN1819,SN19,770,770,1409,1409,,
50,1,0,,3681,1,3681,,,,,,,,,,
51,1,0,,3681,,,320105,1,SN19,SN1819,164,164,747,747,,
50,1,0,,3682,1,3682,,,,,,,,,,
51,1,0,,3682,,,310905,1,SN19,SN6552,237,237,795,795,,
50,1,0,,3683,1,3683,,,,,,,,,,
51,1,0,,3683,,,310905,1,SN6043,SN19,808,808,1404,1404,,
50,1,0,,3684,2,3684,,,,,,,,,,
51,1,0,,3684,,,350314,1,SN19,SN20016,672,672,987,987,,
51,1,0,,3684,,,350313,2,SN6226,SN19,1135,1135,1425,1425,,
50,1,0,,3685,1,3685,,,,,,,,,,
51,1,0,,3685,,,350314,1,SN6226,SN19,1001,1001,1551,1551,,
50,1,0,,3686,1,3686,,,,,,,,,,
51,1,0,,3686,,,320202,1,SN6689,SN19,614,614,1105,1105,,
50,1,0,,3688,1,3688,,,,,,,,,,
51,1,0,,3688,,,310912,1,SN19,SN6552,505,505,975,975,,
50,1,0,,3689,1,3689,,,,,,,,,,
51,1,0,,3689,,,310904,1,SN6043,SN19,688,688,1222,1222,,
50,1,0,,3690,1,3690,,,,,,,,,,
51,1,0,,3690,,,310904,1,SN19,SN6552,207,207,675,675,,
50,1,0,,3691,1,3691,,,,,,,,,,
51,1,0,,3691,,,350410,1,SN6480,SN19,1017,1017,1560,1560,,
50,1,0,,3693,1,3693,,,,,,,,,,
51,1,0,,3693,,,350410,1,SN19,SN6480,605,605,1001,1001,,
50,1,0,,3694,1,3694,,,,,,,,,,
51,1,0,,3694,,,350315,1,SN19,SN20016,694,694,1193,1193,,
50,1,0,,3695,1,3695,,,,,,,,,,
51,1,0,,3695,,,322104,1,SN7063,SN19,775,775,1356,1356,,
50,1,0,,3696,1,3696,,,,,,,,,,
51,1,0,,3696,,,322104,1,SN19,SN7063,280,280,747,747,,
50,1,0,,3697,1,3697,,,,,,,,,,
51,1,0,,3697,,,320114,1,SN6689,SN19,748,748,1138,1138,,
50,1,0,,3698,1,3698,,,,,,,,,,
51,1,0,,3698,,,320201,1,SN19,SN5730,70,70,557,557,,
50,1,0,,3699,1,3699,,,,,,,,,,
51,1,0,,3699,,,320201,1,SN5730,SN19,573,573,1129,1129,,
50,1,0,,3801,1,3801,,,,,,,,,,
51,1,0,,3801,,,330108,1,SN19,SN6028,360,360,938,938,,
50,1,0,,3802,1,3802,,,,,,,,,,
51,1,0,,3802,,,330116,1,SN19,SN6028,635,635,1218,1218,,
50,1,0,,3803,1,3803,,,,,,,,,,
51,1,0,,3803,,,340101,1,SN19,SN19,632,632,1096,1096,,
50,1,0,,3804,1,3804,,,,,,,,,,
51,1,0,,3804,,,330102,1,SN6039,SN19,686,686,1338,1338,,
50,1,0,,3805,1,3805,,,,,,,,,,
51,1,0,,3805,,,330103,1,SN6039,SN19,771,771,1414,1414,,
50,1,0,,3806,1,3806,,,,,,,,,,
51,1,0,,3806,,,330119,1,SN19,SN19,769,769,1424,1424,,
50,1,0,,3807,1,3807,,,,,,,,,,
51,1,0,,3807,,,330112,1,SN6039,SN19,1002,1002,1541,1541,,
50,1,0,,3808,1,3808,,,,,,,,,,
51,1,0,,3808,,,330107,1,SN6039,SN19,1034,1034,1638,1638,,
50,1,0,,3809,1,3809,,,,,,,,,,
51,1,0,,3809,,,330124,1,SN6039,SN19,1134,1134,1648,1648,,
50,1,0,,3810,1,3810,,,,,,,,,,
51,1,0,,3810,,,330118,1,SN6039,SN19,1174,1174,1601,1601,,
50,1,0,,3811,1,3811,,,,,,,,,,
51,1,0,,3811,,,330104,1,SN6039,SN19,731,731,1152,1152,,
50,1,0,,3812,1,3812,,,,,,,,,,
51,1,0,,3812,,,330104,1,SN19,SN6028,189,189,712,712,,
50,1,0,,3813,1,3813,,,,,,,,,,
51,1,0,,3813,,,330107,1,SN19,SN6028,349,349,1020,1020,,
50,1,0,,3814,2,3814,,,,,,,,,,
51,1,0,,3814,,,330106,1,SN19,SN6028,209,209,449,449,,
51,1,0,,3814,,,330113,2,SN19,SN6028,585,585,906,906,,
50,1,0,,3815,1,3815,,,,,,,,,,
51,1,0,,3815,,,330106,1,SN6039,SN19,458,458,1094,1094,,
50,1,0,,3816,1,3816,,,,,,,,,,
51,1,0,,3816,,,330101,1,SN19,SN6028,149,149,809,809,,
50,1,0,,3817,1,3817,,,,,,,,,,
51,1,0,,3817,,,330101,1,SN6039,SN19,826,826,1459,1459,,
50,1,0,,3818,1,3818,,,,,,,,,,
51,1,0,,3818,,,330113,1,SN6039,SN19,922,922,1495,1495,,
50,1,0,,3819,1,3819,,,,,,,,,,
51,1,0,,3819,,,330118,1,SN19,SN6028,738,738,1158,1158,,
50,1,0,,3820,1,3820,,,,,,,,,,
51,1,0,,3820,,,330103,1,SN19,SN6028,162,162,760,760,,
50,1,0,,3821,1,3821,,,,,,,,,,
51,1,0,,3821,,,330124,1,SN19,SN6028,493,493,1122,1122,,
50,1,0,,3822,1,3822,,,,,,,,,,
51,1,0,,3822,,,330102,1,SN19,SN6028,169,169,671,671,,
50,1,0,,3823,1,3823,,,,,,,,,,
51,1,0,,3823,,,330123,1,SN19,SN19,1414,1414,1628,1628,,
50,1,0,,3824,1,3824,,,,,,,,,,
51,1,0,,3824,,,330116,1,SN6039,SN19,1234,1234,1658,1658,,
50,1,0,,3825,1,3825,,,,,,,,,,
51,1,0,,3825,,,330122,1,SN19,SN19,1334,1334,1621,1621,,
50,1,0,,3826,2,3826,,,,,,,,,,
51,1,0,,3826,,,330117,1,SN19,SN6028,713,713,1044,1044,,
51,1,0,,3826,,,330120,2,SN6039,SN19,1204,1204,1447,1447,,
50,1,0,,3827,1,3827,,,,,,,,,,
51,1,0,,3827,,,330117,1,SN6039,SN19,1058,1058,1595,1595,,
50,1,0,,3828,1,3828,,,,,,,,,,
51,1,0,,3828,,,330121,1,SN6039,SN19,978,978,1588,1588,,
50,1,0,,3829,2,3829,,,,,,,,,,
51,1,0,,3829,,,330121,1,SN19,SN6028,801,801,962,962,,
51,1,0,,3829,,,330110,2,SN6039,SN19,1084,1084,1543,1543,,
50,1,0,,3830,1,3830,,,,,,,,,,
51,1,0,,3830,,,330114,1,SN6039,SN19,882,882,1511,1511,,
50,1,0,,3831,1,3831,,,,,,,,,,
51,1,0,,3831,,,330120,1,SN19,SN6028,770,770,1188,1188,,
50,1,0,,3832,1,3832,,,,,,,,,,
51,1,0,,3832,,,330109,1,SN19,SN19,505,505,1072,1072,,
50,1,0,,3833,1,3833,,,,,,,,,,
51,1,0,,3833,,,330115,1,SN19,SN19,626,626,1124,1124,,
50,1,0,,3834,1,3834,,,,,,,,,,
51,1,0,,3834,,,330108,1,SN6039,SN19,954,954,1510,1510,,
50,1,0,,3835,1,3835,,,,,,,,,,
51,1,0,,3835,,,330112,1,SN19,SN6028,580,580,988,988,,
50,1,0,,3836,1,3836,,,,,,,,,,
51,1,0,,3836,,,340102,1,SN19,SN19,701,701,1209,1209,,
50,1,0,,3837,1,3837,,,,,,,,,,
51,1,0,,3837,,,330110,1,SN19,SN6028,494,494,1068,1068,,
50,1,0,,3838,2,3838,,,,,,,,,,
51,1,0,,3838,,,330105,1,SN19,SN19,182,182,504,504,,
51,1,0,,3838,,,330114,2,SN19,SN6028,618,618,866,866,,
50,1,0,,3839,1,3839,,,,,,,,,,
51,1,0,,3839,,,330111,1,SN19,SN19,538,538,1112,1112,,
50,1,0,SIMM FX,3400_0,1,3400_0,,,,,,,,,,
51,1,0,SIMM FX,3400_0,,,321803,1,SN5731,SN16,806,806,1173,1173,,
50,1,0,,3400_1,1,3400_1,,,,,,,,,,
51,1,0,,3400_1,,,311005,1,SN6377,SN16,1313,1313,1553,1553,,
50,1,0,,3401_0,1,3401_0,,,,,,,,,,
51,1,0,,3401_0,,,320610,1,SN16,SN3692,407,407,625,625,,
50,1,0,,3401_1,1,3401_1,,,,,,,,,,
51,1,0,,3401_1,,,320303,1,SN1571,SN16,788,788,1149,1149,,
50,1,0,,3402_0,1,3402_0,,,,,,,,,,
51,1,0,,3402_0,,,321904,1,SN16,SN5441,322,322,565,565,,
50,1,0,,3402_1,1,3402_1,,,,,,,,,,
51,1,0,,3402_1,,,320605,1,SN6479,SN16,699,699,1040,1040,,
50,1,0,,3403_0,1,3403_0,,,,,,,,,,
51,1,0,,3403_0,,,311302,1,SN16,SN20015,167,167,326,326,,
50,1,0,,3403_1,1,3403_1,,,,,,,,,,
51,1,0,,3403_1,,,312004,1,SN16,SN6542,396,396,819,819,,
50,1,0,,3404_0,1,3404_0,,,,,,,,,,
51,1,0,,3404_0,,,321002,1,SN16,SN2770,110,110,309,309,,
50,1,0,,3404_1,1,3404_1,,,,,,,,,,
51,1,0,,3404_1,,,390403,1,SN16,SN20015,400,400,759,759,,
50,1,0,,3405_0,1,3405_0,,,,,,,,,,
51,1,0,,3405_0,,,311303,1,SN16,SN20016,197,197,379,379,,
50,1,0,,3405_1,1,3405_1,,,,,,,,,,
51,1,0,,3405_1,,,311008,1,SN16,SN655,467,467,848,848,,
50,1,0,,3406_0,1,3406_0,,,,,,,,,,
51,1,0,,3406_0,,,311001,1,SN16,SN6775,73,73,352,352,,
50,1,0,,3406_1,1,3406_1,,,,,,,,,,
51,1,0,,3406_1,,,320702,1,SN16,SN5885,434,434,647,647,,
50,1,0,,3407_0,1,3407_0,,,,,,,,,,
51,1,0,,3407_0,,,320903,1,SN5885,SN16,841,841,1142,1142,,
50,1,0,,3407_1,1,3407_1,,,,,,,,,,
51,1,0,,3407_1,,,320618,1,SN3692,SN16,1286,1286,1557,1557,,
50,1,0,,3408_0,1,3408_0,,,,,,,,,,
51,1,0,,3408_0,,,311301,1,SN16,SN677,137,137,418,418,,
50,1,0,,3408_1,1,3408_1,,,,,,,,,,
51,1,0,,3408_1,,,321502,1,SN16,SN3419,559,559,824,824,,
50,1,0,,3409_0,1,3409_0,,,,,,,,,,
51,1,0,,3409_0,,,321001,1,SN16,SN1496,104,104,462,462,,
50,1,0,,3409_1,1,3409_1,,,,,,,,,,
51,1,0,,3409_1,,,310108,1,SN16,SN677,587,587,794,794,,
50,1,0,,3410_0,1,3410_0,,,,,,,,,,
51,1,0,,3410_0,,,310201,1,SN16,SN16,255,255,382,382,,
50,1,0,,3410_1,1,3410_1,,,,,,,,,,
51,1,0,,3410_1,,,310501,1,SN5474,SN5475,483,483,910,910,,
50,1,0,,3411_0,1,3411_0,,,,,,,,,,
51,1,0,,3411_0,,,320609,1,SN16,SN3692,370,370,680,680,,
50,1,0,,3411_1,1,3411_1,,,,,,,,,,
51,1,0,,3411_1,,,312004,1,SN6542,SN16,832,832,1106,1106,,
50,1,0,,3412_0,1,3412_0,,,,,,,,,,
51,1,0,,3412_0,,,310501,1,SN16,SN5474,189,189,474,474,,
50,1,0,,3412_1,1,3412_1,,,,,,,,,,
51,1,0,,3412_1,,,320614,1,SN16,SN3692,590,590,816,816,,
50,1,0,,3414_0,1,3414_0,,,,,,,,,,
51,1,0,,3414_0,,,320701,1,SN2017,SN16,833,833,1202,1202,,
50,1,0,,3414_1,1,3414_1,,,,,,,,,,
51,1,0,,3414_1,,,310208,1,SN16,SN16,1302,1302,1546,1546,,
50,1,0,,3415_0,1,3415_0,,,,,,,,,,
51,1,0,,3415_0,,,311003,1,SN16,SN655,237,237,569,569,,
50,1,0,,3415_1,1,3415_1,,,,,,,,,,
51,1,0,,3415_1,,,310103,1,SN5441,SN5441,693,693,946,946,,
50,1,0,,3416_0,1,3416_0,,,,,,,,,,
51,1,0,,3416_0,,,311002,1,SN16,SN6377,133,133,511,511,,
50,1,0,,3416_1,1,3416_1,,,,,,,,,,
51,1,0,,3416_1,,,310206,1,SN16,SN3970,609,609,749,749,,
50,1,0,,3417_0,1,3417_0,,,,,,,,,,
51,1,0,,3417_0,,,312003,1,SN6542,SN16,892,892,1166,1166,,
50,1,0,,3417_1,1,3417_1,,,,,,,,,,
51,1,0,,3417_1,,,320308,1,SN1571,SN16,1254,1254,1568,1568,,
50,1,0,,3418_0,1,3418_0,,,,,,,,,,
51,1,0,,3418_0,,,310604,1,SN16,SN5474,305,305,593,593,,
50,1,0,,3418_1,1,3418_1,,,,,,,,,,
51,1,0,,3418_1,,,310104,1,SN5441,SN5441,723,723,976,976,,
50,1,0,,3419_0,1,3419_0,,,,,,,,,,
51,1,0,,3419_0,,,310106,1,SN5441,SN5441,779,779,1036,1036,,
50,1,0,,3419_1,1,3419_1,,,,,,,,,,
51,1,0,,3419_1,,,320301,1,SN1571,SN16,1163,1163,1495,1495,,
50,1,0,,3421_0,1,3421_0,,,,,,,,,,
51,1,0,,3421_0,,,320313,1,SN16,SN1571,409,409,629,629,,
50,1,0,,3421_1,1,3421_1,,,,,,,,,,
51,1,0,,3421_1,,,320803,1,SN6144,SN6144,791,791,1136,1136,,
50,1,0,,3422_0,1,3422_0,,,,,,,,,,
51,1,0,,3422_0,,,321006,1,SN2770,SN16,828,828,1124,1124,,
50,1,0,,3422_1,1,3422_1,,,,,,,,,,
51,1,0,,3422_1,,,311304,1,SN6228,SN16,1212,1212,1494,1494,,
50,1,0,,3423_0,1,3423_0,,,,,,,,,,
51,1,0,,3423_0,,,320601,1,SN16,SN3692,85,85,337,337,,
50,1,0,,3423_1,1,3423_1,,,,,,,,,,
51,1,0,,3423_1,,,312005,1,SN16,SN6542,443,443,789,789,,
50,1,0,,3506_0,1,3506_0,,,,,,,,,,
51,1,0,,3506_0,,,322102,1,SN19,SN7063,255,255,629,629,,
50,1,0,,3506_1,1,3506_1,,,,,,,,,,
51,1,0,,3506_1,,,310901,1,SN5745,SN6689,748,748,944,944,,
50,1,0,,3517_0,1,3517_0,,,,,,,,,,
51,1,0,,3517_0,,,311902,1,SN6240,SN19,754,754,1261,1261,,
50,1,0,,3517_1,1,3517_1,,,,,,,,,,
51,1,0,,3517_1,,,310311,1,SN19,SN19,1379,1379,1463,1463,,
50,1,0,,3540_0,1,3540_0,,,,,,,,,,
51,1,0,,3540_0,,,310902,1,SN6042,SN19,793,793,1180,1180,,
50,1,0,,3540_1,1,3540_1,,,,,,,,,,
51,1,0,,3540_1,,,350301,1,SN6042,SN19,1315,1315,1475,1475,,
50,1,0,,3549_0,1,3549_0,,,,,,,,,,
51,1,0,,3549_0,,,311906,1,SN6240,SN19,958,958,1232,1232,,
50,1,0,,3549_1,1,3549_1,,,,,,,,,,
51,1,0,,3549_1,,,312204,1,SN19,SN19,1365,1365,1565,1565,,
50,1,0,,3574_0,1,3574_0,,,,,,,,,,
51,1,0,,3574_0,,,320212,1,SN19,SN19,782,782,1189,1189,,
50,1,0,,3574_1,1,3574_1,,,,,,,,,,
51,1,0,,3574_1,,,320110,1,SN5745,SN19,1336,1336,1506,1506,,
50,1,0,,3580_0,1,3580_0,,,,,,,,,,
51,1,0,,3580_0,,,310304,1,SN19,SN19,274,274,536,536,,
50,1,0,,3580_1,1,3580_1,,,,,,,,,,
51,1,0,,3580_1,,,322102,1,SN7063,SN7074,655,655,935,935,,
50,1,0,,3590_0,1,3590_0,,,,,,,,,,
51,1,0,,3590_0,,,320213,1,SN5730,SN5730,963,963,1142,1142,,
50,1,0,,3590_1,1,3590_1,,,,,,,,,,
51,1,0,,3590_1,,,350403,1,SN5730,SN19,1262,1262,1586,1586,,
50,1,0,,3613_0,1,3613_0,,,,,,,,,,
51,1,0,,3613_0,,,310306,1,SN7103,SN19,839,839,1209,1209,,
50,1,0,,3613_1,1,3613_1,,,,,,,,,,
51,1,0,,3613_1,,,350405,1,SN6480,SN19,1346,1346,1525,1525,,
50,1,0,,3622_0,1,3622_0,,,,,,,,,,
51,1,0,,3622_0,,,310801,1,SN6043,SN6552,911,911,1035,1035,,
50,1,0,,3622_1,1,3622_1,,,,,,,,,,
51,1,0,,3622_1,,,322105,1,SN7074,SN19,1200,1200,1560,1560,,
50,1,0,,3629_0,1,3629_0,,,,,,,,,,
51,1,0,,3629_0,,,320113,1,SN19,SN19,703,703,1109,1109,,
50,1,0,,3629_1,1,3629_1,,,,,,,,,,
51,1,0,,3629_1,,,310316,1,SN19,SN19,1186,1186,1348,1348,,
50,1,0,,3658_0,1,3658_0,,,,,,,,,,
51,1,0,,3658_0,,,320206,1,SN19,SN5730,310,310,468,468,,
50,1,0,,3658_1,1,3658_1,,,,,,,,,,
51,1,0,,3658_1,,,310308,1,SN19,SN7103,572,572,878,878,,
50,1,0,,3670_0,1,3670_0,,,,,,,,,,
51,1,0,,3670_0,,,320205,1,SN5730,SN5730,888,888,1070,1070,,
50,1,0,,3670_1,1,3670_1,,,,,,,,,,
51,1,0,,3670_1,,,310309,1,SN19,SN19,1171,1171,1478,1478,,
50,1,0,,3671_0,1,3671_0,,,,,,,,,,
51,1,0,,3671_0,,,311908,1,SN6240,SN19,987,987,1318,1318,,
50,1,0,,3671_1,1,3671_1,,,,,,,,,,
51,1,0,,3671_1,,,320204,1,SN5745,SN19,1396,1396,1536,1536,,
50,1,0,,3687_0,1,3687_0,,,,,,,,,,
51,1,0,,3687_0,,,310912,1,SN6043,SN19,987,987,1194,1194,,
50,1,0,,3687_1,1,3687_1,,,,,,,,,,
51,1,0,,3687_1,,,321702,1,SN19,SN19,1305,1305,1577,1577,,
50,1,0,,3692_0,1,3692_0,,,,,,,,,,
51,1,0,,3692_0,,,320104,1,SN5745,SN19,808,808,1369,1369,,
50,1,0,,3692_1,1,3692_1,,,,,,,,,,
51,1,0,,3692_1,,,310317,1,SN19,SN19,1439,1439,1521,1521,,
